0 0.95625 0.0265625 0.034375 0.0265625
0 0.95 0.0609375 0.034375 0.03203125
0 0.9328125 0.090625 0.0265625 0.0296875
0 0.9015625 0.10234375 0.02890625 0.03125
0 0.846875 0.06875 0.034375 0.028125
1 0.990625 0.2671875 0.01796875 0.0296875
0 0.740625 0.153125 0.06640625 0.0734375
0 0.8171875 0.26875 0.06484375 0.0625
0 0.7734375 0.29375 0.0515625 0.0671875
0 0.7046875 0.2953125 0.0703125 0.06953125
0 0.640625 0.2578125 0.053125 0.05859375
0 0.5609375 0.228125 0.03203125 0.03203125
0 0.5171875 0.3234375 0.040625 0.03125
0 0.88359375 0.41953125 0.0609375 0.06171875
0 0.73984375 0.575 0.03125 0.03359375
0 0.528125 0.41640625 0.06875 0.06640625
0 0.5734375 0.58984375 0.046875 0.0375
0 0.5875 0.84375 0.0265625 0.01953125
0 0.3859375 0.5375 0.059375 0.053125
0 0.453125 0.5734375 0.0453125 0.03515625
0 0.465625 0.6359375 0.04375 0.0390625
0 0.26640625 0.73671875 0.05 0.04609375
0 0.12421875 0.7046875 0.05234375 0.0453125
0 0.0796875 0.5953125 0.03515625 0.0234375
0 0.09765625 0.5296875 0.03125 0.02265625
0 0.1 0.47265625 0.0359375 0.0296875
0 0.10234375 0.4203125 0.0296875 0.0171875
0 0.1484375 0.38515625 0.04140625 0.03203125
0 0.315625 0.30390625 0.0328125 0.028125
0 0.50390625 0.85625 0.028125 0.0234375
0 0.5140625 0.90625 0.03203125 0.0203125
0 0.60234375 0.96875 0.0296875 0.0203125