0 0.7828125 0.175 0.03359375 0.0265625
0 0.31171875 0.1296875 0.0234375 0.02109375
0 0.40625 0.28828125 0.0484375 0.0484375
0 0.49375 0.3171875 0.02734375 0.02109375
0 0.48125 0.3421875 0.0265625 0.0203125
0 0.184375 0.2625 0.0421875 0.03203125
0 0.184375 0.3015625 0.0390625 0.028125
0 0.2765625 0.35 0.034375 0.0421875
0 0.23359375 0.33046875 0.034375 0.040625
0 0.3578125 0.39296875 0.03671875 0.0453125
0 0.1359375 0.43046875 0.04921875 0.0375
0 0.6296875 0.36171875 0.03125 0.0390625
0 0.60390625 0.40625 0.0484375 0.0453125
0 0.671875 0.384375 0.0328125 0.0328125
0 0.7109375 0.403125 0.04140625 0.03046875
0 0.76328125 0.434375 0.0328125 0.034375
0 0.78828125 0.4671875 0.034375 0.0359375
0 0.675 0.509375 0.03671875 0.025
0 0.83984375 0.484375 0.028125 0.034375
0 0.8765625 0.49453125 0.03125 0.0359375
0 0.9078125 0.5234375 0.03515625 0.03203125
0 0.91953125 0.5609375 0.0328125 0.028125
0 0.940625 0.59453125 0.03515625 0.03125
0 0.86875 0.68828125 0.0296875 0.0328125
0 0.79609375 0.6625 0.0265625 0.03125
0 0.803125 0.79375 0.02890625 0.03359375
0 0.76171875 0.88984375 0.028125 0.028125
0 0.7265625 0.8703125 0.03125 0.03125
0 0.6859375 0.85 0.0390625 0.04765625
0 0.7296875 0.7546875 0.0359375 0.0359375
0 0.69609375 0.9734375 0.0296875 0.0328125
1 0.73125 0.98671875 0.03515625 0.025
0 0.4125 0.4953125 0.02890625 0.03203125
0 0.31875 0.575 0.03125 0.034375
0 0.26875 0.565625 0.0296875 0.03125
0 0.21640625 0.54296875 0.05 0.06171875
0 0.1734375 0.4953125 0.03203125 0.0390625
0 0.109375 0.48828125 0.05 0.0609375
0 0.0546875 0.459375 0.05 0.0625
0 0.10078125 0.6078125 0.046875 0.0546875