0 0.6890625 0.4015625 0.0390625 0.046875
0 0.8234375 0.47265625 0.0234375 0.0265625
0 0.3640625 0.41953125 0.053125 0.046875
0 0.2640625 0.490625 0.0265625 0.02109375
0 0.3109375 0.5421875 0.03984375 0.040625
0 0.4109375 0.50546875 0.02578125 0.02578125
0 0.475 0.53671875 0.02421875 0.028125
0 0.5453125 0.5640625 0.028125 0.0296875
0 0.5890625 0.5921875 0.040625 0.05859375
0 0.62421875 0.640625 0.025 0.02421875
0 0.6625 0.63671875 0.0234375 0.0296875
0 0.7453125 0.696875 0.021875 0.02578125
0 0.8171875 0.6515625 0.02578125 0.0265625
0 0.83515625 0.74765625 0.021875 0.025
0 0.88046875 0.77734375 0.025 0.0265625
0 0.9265625 0.7984375 0.03125 0.025
0 0.9234375 0.85 0.0453125 0.04296875
0 0.87109375 0.9453125 0.0515625 0.0453125
0 0.35859375 0.5859375 0.0453125 0.0421875
0 0.63125 0.06640625 0.0125 0.015625