0 0.08046875 0.1 0.028125 0.03046875
0 0.171875 0.1515625 0.02578125 0.025
0 0.2515625 0.2078125 0.021875 0.03046875
0 0.27578125 0.2359375 0.021875 0.025
0 0.3015625 0.22734375 0.02734375 0.025
0 0.3140625 0.2609375 0.021875 0.0234375
0 0.146875 0.30078125 0.02890625 0.02734375
0 0.3921875 0.3015625 0.01875 0.0203125
0 0.40234375 0.28203125 0.0140625 0.015625
0 0.4859375 0.3328125 0.01953125 0.01875
0 0.5046875 0.3484375 0.0234375 0.021875
0 0.50703125 0.37109375 0.021875 0.01484375
0 0.490625 0.37734375 0.0171875 0.021875
0 0.675 0.20703125 0.028125 0.0296875
0 0.715625 0.30234375 0.0265625 0.02265625
0 0.69765625 0.3328125 0.028125 0.02421875
0 0.75234375 0.5203125 0.05625 0.06328125
0 0.26640625 0.6984375 0.053125 0.04453125
0 0.34453125 0.74921875 0.0296875 0.02890625
0 0.4015625 0.7828125 0.028125 0.02578125
0 0.4734375 0.66640625 0.06328125 0.046875
0 0.65703125 0.94296875 0.05625 0.046875