0 0.228125 0.015625 0.0390625 0.028125
0 0.2921875 0.05703125 0.0375 0.04375
0 0.2203125 0.05625 0.03828125 0.0328125
0 0.41875 0.1265625 0.0421875 0.0421875
0 0.0921875 0.18515625 0.040625 0.0265625
0 0.075 0.21640625 0.0390625 0.028125
0 0.234375 0.2828125 0.0375 0.04296875
0 0.165625 0.325 0.040625 0.0265625
0 0.17109375 0.36953125 0.0359375 0.028125
0 0.20546875 0.3890625 0.028125 0.0375
0 0.284375 0.3546875 0.0265625 0.03515625
0 0.3296875 0.36171875 0.02578125 0.0390625
0 0.3640625 0.4484375 0.04140625 0.028125
0 0.371875 0.48671875 0.0375 0.028125
0 0.3015625 0.5109375 0.0296875 0.03125
0 0.26796875 0.5203125 0.028125 0.03046875
0 0.26640625 0.5546875 0.034375 0.03203125
0 0.2765625 0.58671875 0.03359375 0.0265625
0 0.4890625 0.53125 0.03125 0.028125
0 0.5953125 0.546875 0.0296875 0.0296875
0 0.65078125 0.63359375 0.0296875 0.0296875
0 0.6984375 0.72421875 0.0296875 0.0296875
0 0.728125 0.79453125 0.0296875 0.028125
0 0.80703125 0.846875 0.03125 0.03046875
0 0.853125 0.80703125 0.0328125 0.03125
0 0.803125 0.671875 0.0296875 0.028125
0 0.8609375 0.6515625 0.028125 0.03359375
0 0.81875 0.7 0.0296875 0.02890625
0 0.83203125 0.7328125 0.0296875 0.03125
0 0.75078125 0.94921875 0.0359375 0.0328125