0 0.3765625 0.2171875 0.028125 0.028125
0 0.3671875 0.26796875 0.0421875 0.03984375
0 0.3515625 0.3171875 0.053125 0.0421875
0 0.33515625 0.3671875 0.0453125 0.04375
0 0.2296875 0.36328125 0.0265625 0.0234375
0 0.1953125 0.4171875 0.0421875 0.053125
0 0.240625 0.4296875 0.02734375 0.0296875
0 0.16953125 0.52890625 0.025 0.028125
0 0.2546875 0.5484375 0.0265625 0.03125
0 0.2828125 0.60546875 0.02890625 0.025
0 0.26875 0.653125 0.04375 0.0453125
0 0.178125 0.73671875 0.0296875 0.03125
0 0.259375 0.7046875 0.0265625 0.0234375
0 0.1046875 0.85859375 0.028125 0.025
0 0.2296875 0.8046875 0.03125 0.02734375
0 0.3640625 0.734375 0.046875 0.0421875
0 0.3515625 0.78515625 0.0421875 0.0390625
0 0.33828125 0.834375 0.0421875 0.04453125
0 0.53046875 0.62109375 0.04375 0.05
0 0.7828125 0.68203125 0.02109375 0.0296875
0 0.734375 0.67578125 0.04140625 0.0515625
0 0.6859375 0.66484375 0.0390625 0.053125
0 0.63828125 0.65234375 0.04375 0.0546875
0 0.63671875 0.75625 0.034375 0.034375
0 0.80625 0.740625 0.04921875 0.046875
0 0.6859375 0.7875 0.046875 0.05625
0 0.79609375 0.79296875 0.046875 0.0390625
0 0.8921875 0.8703125 0.0421875 0.0421875
0 0.878125 0.921875 0.046875 0.04375
0 0.75859375 0.940625 0.046875 0.040625
0 0.53359375 0.7296875 0.028125 0.025
0 0.5921875 0.9 0.0171875 0.02109375
0 0.975 0.5359375 0.02578125 0.0265625
0 0.96171875 0.57421875 0.0265625 0.0203125