0 0.2078125 0.12734375 0.053125 0.0625
0 0.1625 0.3 0.05 0.065625
0 0.2265625 0.3265625 0.0484375 0.0578125
0 0.3671875 0.209375 0.04296875 0.05390625
0 0.3421875 0.4265625 0.05625 0.053125
0 0.2546875 0.8046875 0.0609375 0.05
0 0.40234375 0.709375 0.0703125 0.053125
0 0.425 0.82109375 0.04375 0.034375
0 0.425 0.89296875 0.06171875 0.0546875
0 0.4375 0.96015625 0.06484375 0.046875
0 0.6859375 0.953125 0.0390625 0.025
0 0.6640625 0.77890625 0.0390625 0.03125
0 0.6421875 0.6859375 0.065625 0.0578125
0 0.6328125 0.609375 0.065625 0.0625
0 0.6234375 0.52890625 0.05390625 0.05625
0 0.63671875 0.3921875 0.0578125 0.05546875
0 0.66484375 0.33125 0.05625 0.05
0 0.72421875 0.271875 0.053125 0.0625
0 0.896875 0.515625 0.0640625 0.075
0 0.79609375 0.6265625 0.059375 0.05625
0 0.80859375 0.7484375 0.05703125 0.053125
0 0.82734375 0.871875 0.05546875 0.0578125
0 0.5546875 0.1828125 0.0421875 0.0421875
0 0.653125 0.1125 0.04375 0.0421875
0 0.69921875 0.0765625 0.0421875 0.05234375
0 0.74453125 0.0421875 0.0390625 0.0328125