0 0.52734375 0.0625 0.0484375 0.046875
0 0.43203125 0.11484375 0.04453125 0.0515625
0 0.38359375 0.1421875 0.04609375 0.05
0 0.20078125 0.31640625 0.05625 0.046875
0 0.1890625 0.40078125 0.046875 0.046875
0 0.23984375 0.37109375 0.04609375 0.0515625
0 0.28671875 0.33828125 0.04609375 0.046875
0 0.35234375 0.303125 0.04609375 0.0453125
0 0.40390625 0.27421875 0.04375 0.046875
0 0.4546875 0.24375 0.04921875 0.05546875
0 0.5078125 0.2140625 0.04375 0.05625
0 0.559375 0.1828125 0.05 0.059375
0 0.46484375 0.4125 0.0625 0.0453125
0 0.4921875 0.46328125 0.0578125 0.0453125
0 0.51953125 0.515625 0.0609375 0.04453125
0 0.5546875 0.57421875 0.06328125 0.053125
0 0.5859375 0.625 0.0609375 0.05
0 0.66953125 0.63203125 0.046875 0.0578125
0 0.64375 0.7203125 0.05625 0.046875
0 0.6765625 0.784375 0.05625 0.04765625
0 0.6953125 0.859375 0.0484375 0.0453125
0 0.72890625 0.91328125 0.05625 0.046875
0 0.890625 0.8234375 0.040625 0.05
0 0.9453125 0.79609375 0.03515625 0.04375
0 0.85 0.59921875 0.0578125 0.0484375
0 0.690625 0.4859375 0.03828125 0.02734375
0 0.7484375 0.44921875 0.02890625 0.0265625