0 0.5609375 0.1046875 0.03046875 0.034375
0 0.39296875 0.11328125 0.0296875 0.02890625
0 0.20546875 0.1125 0.0265625 0.0265625
0 0.17578125 0.1171875 0.0234375 0.02890625
0 0.33828125 0.9609375 0.05 0.0484375
0 0.425 0.15625 0.03046875 0.028125
0 0.45 0.1921875 0.034375 0.0296875
0 0.50390625 0.4234375 0.0296875 0.03359375
0 0.48515625 0.4703125 0.03359375 0.03046875
0 0.46171875 0.56328125 0.03984375 0.0328125
0 0.459375 0.6046875 0.03671875 0.03125
0 0.4828125 0.6484375 0.053125 0.04921875
0 0.46640625 0.7453125 0.03125 0.02734375
0 0.40859375 0.87578125 0.053125 0.0453125
0 0.55859375 0.86484375 0.05625 0.0546875