0 0.05546875 0.6375 0.0375 0.0453125
0 0.93984375 0.3171875 0.065625 0.07578125
0 0.63359375 0.44375 0.0328125 0.03671875
0 0.5421875 0.4640625 0.05546875 0.059375
0 0.390625 0.5234375 0.06484375 0.065625
0 0.29296875 0.565625 0.07890625 0.075
0 0.21015625 0.59609375 0.0625 0.0734375
0 0.12734375 0.62421875 0.071875 0.078125
0 0.9578125 0.50546875 0.0359375 0.0421875
0 0.91015625 0.528125 0.0359375 0.046875
0 0.853125 0.546875 0.05 0.0578125
0 0.75546875 0.58203125 0.0453125 0.0578125
0 0.6953125 0.58671875 0.0421875 0.04609375
0 0.65234375 0.61640625 0.0359375 0.0375
0 0.49296875 0.6859375 0.03515625 0.0375
0 0.403125 0.7171875 0.0625 0.06484375
0 0.33125 0.75 0.0625 0.0671875
0 0.246875 0.7734375 0.034375 0.04609375
0 0.19921875 0.7953125 0.0375 0.0453125
0 0.1453125 0.81796875 0.03515625 0.046875
0 0.9421875 0.60390625 0.028125 0.03671875
0 0.884375 0.6265625 0.03515625 0.03671875
0 0.84140625 0.653125 0.03359375 0.03828125
0 0.79140625 0.66328125 0.0328125 0.04375
0 0.73515625 0.68359375 0.034375 0.03984375
0 0.690625 0.71015625 0.02578125 0.0328125
1 0.98359375 0.6984375 0.03125 0.040625
0 0.36796875 0.92578125 0.08125 0.0796875