0 0.70625 0.03984375 0.04765625 0.059375
0 0.8296875 0.140625 0.053125 0.05859375
1 0.6375 0.0140625 0.0484375 0.028125
1 0.65 0.990625 0.04765625 0.01796875
1 0.3125 0.978125 0.04765625 0.040625
0 0.10859375 0.1859375 0.03125 0.0265625
0 0.25546875 0.27578125 0.05703125 0.0453125
0 0.3671875 0.34453125 0.03125 0.03125
0 0.4859375 0.41875 0.05390625 0.0484375
0 0.61328125 0.49609375 0.0296875 0.025
0 0.6953125 0.42890625 0.04375 0.04453125
0 0.7203125 0.528125 0.05 0.04921875
0 0.78125 0.565625 0.059375 0.0546875
0 0.875 0.65625 0.05625 0.05
0 0.790625 0.89921875 0.0515625 0.0515625
0 0.34453125 0.828125 0.0453125 0.05390625
0 0.290625 0.7953125 0.04609375 0.046875
0 0.128125 0.690625 0.0515625 0.0546875
0 0.08984375 0.85234375 0.05234375 0.059375
0 0.90234375 0.178125 0.03984375 0.04921875