0 0.47734375 0.0875 0.04375 0.05
0 0.33984375 0.0609375 0.0484375 0.0390625
0 0.50546875 0.1453125 0.0703125 0.0515625
0 0.5046875 0.2109375 0.0515625 0.0625
0 0.45390625 0.24296875 0.0484375 0.05625
0 0.4015625 0.2734375 0.0421875 0.05234375
0 0.35 0.303125 0.04375 0.05078125
0 0.23828125 0.371875 0.0453125 0.0484375
0 0.190625 0.40546875 0.03828125 0.040625
0 0.48984375 0.4640625 0.0546875 0.0515625
0 0.5234375 0.5171875 0.0578125 0.0515625
0 0.62734375 0.43046875 0.059375 0.04921875
0 0.8671875 0.3203125 0.0265625 0.03203125
0 0.646875 0.57109375 0.04375 0.05
0 0.771875 0.64921875 0.0578125 0.0421875
0 0.84921875 0.6015625 0.06328125 0.053125
0 0.9484375 0.69375 0.05 0.0625
0 0.94609375 0.7953125 0.0359375 0.04609375
0 0.89140625 0.8234375 0.04375 0.046875
0 0.69609375 0.86171875 0.0515625 0.05
0 0.73515625 0.9125 0.03046875 0.0234375
0 0.640625 0.7234375 0.046875 0.0484375
0 0.6125 0.6765625 0.05625 0.0515625
0 0.5828125 0.628125 0.05625 0.046875
0 0.803125 0.69921875 0.059375 0.040625