0 0.03828125 0.16796875 0.0671875 0.07109375
0 0.1484375 0.25234375 0.08125 0.0703125
0 0.1359375 0.34296875 0.0890625 0.0671875
0 0.4484375 0.16171875 0.0546875 0.0578125
0 0.3890625 0.2265625 0.065625 0.059375
0 0.34453125 0.290625 0.07421875 0.059375
0 0.3140625 0.3640625 0.0625 0.0625
0 0.2859375 0.4359375 0.0609375 0.05546875
0 0.24375 0.4953125 0.06640625 0.05703125
0 0.6765625 0.25390625 0.06015625 0.06796875
0 0.57890625 0.27890625 0.0671875 0.05625
0 0.540625 0.3625 0.06875 0.05625
0 0.4890625 0.42890625 0.0640625 0.053125
0 0.43984375 0.4890625 0.0640625 0.0453125
0 0.35859375 0.5890625 0.0671875 0.053125
0 0.915625 0.3671875 0.05703125 0.0625
0 0.828125 0.44921875 0.0421875 0.04296875
0 0.68828125 0.44140625 0.04375 0.0484375
0 0.775 0.521875 0.07890625 0.06484375
0 0.6546875 0.596875 0.0703125 0.07109375
0 0.58046875 0.63984375 0.0625 0.0640625
0 0.48984375 0.71171875 0.0703125 0.071875
0 0.37109375 0.7046875 0.0734375 0.0703125
0 0.3609375 0.85625 0.053125 0.059375
0 0.47890625 0.8546875 0.05390625 0.0625
0 0.71640625 0.73828125 0.0375 0.04296875
0 0.76484375 0.740625 0.0359375 0.0453125
0 0.8140625 0.7453125 0.0390625 0.04453125
0 0.9140625 0.8046875 0.0390625 0.04296875
0 0.89921875 0.86875 0.0390625 0.0390625
0 0.80703125 0.86484375 0.040625 0.040625
0 0.796875 0.96953125 0.03828125 0.0359375
0 0.7515625 0.97109375 0.040625 0.040625
0 0.7046875 0.96640625 0.040625 0.0390625
0 0.60234375 0.96328125 0.04140625 0.04375
0 0.3125 0.83125 0.0328125 0.0390625