0 0.70234375 0.925 0.0421875 0.0484375
0 0.803125 0.80859375 0.03125 0.025
0 0.68671875 0.84765625 0.04375 0.0375
0 0.65 0.8046875 0.04375 0.03671875
0 0.70625 0.6875 0.0421875 0.03984375
0 0.684375 0.64375 0.02734375 0.0234375
0 0.6171875 0.76640625 0.025 0.0234375
0 0.70625 0.4859375 0.0234375 0.028125
0 0.74921875 0.36171875 0.0234375 0.03046875
0 0.778125 0.3765625 0.0265625 0.028125
0 0.91328125 0.25625 0.025 0.02890625
0 0.934375 0.14765625 0.0234375 0.03046875
0 0.89296875 0.1390625 0.0265625 0.0296875
0 0.85390625 0.1265625 0.02734375 0.0296875
0 0.90390625 0.03046875 0.025 0.0296875
0 0.9328125 0.03984375 0.02578125 0.02890625
0 0.9609375 0.04609375 0.025 0.03046875
0 0.5921875 0.71875 0.0234375 0.0328125
0 0.5046875 0.89453125 0.0265625 0.0234375
0 0.5296875 0.9296875 0.0296875 0.02421875
0 0.5578125 0.9609375 0.0265625 0.02421875
1 0.58359375 0.990625 0.0265625 0.0171875
0 0.18125 0.96171875 0.0203125 0.025
0 0.21015625 0.975 0.0171875 0.021875
0 0.225 0.8578125 0.015625 0.0203125
0 0.20546875 0.86796875 0.0140625 0.021875
0 0.146875 0.89453125 0.0140625 0.0203125
0 0.128125 0.9046875 0.0140625 0.021875
0 0.134375 0.8203125 0.02265625 0.0265625
0 0.096875 0.825 0.025 0.03046875
0 0.06875 0.8390625 0.0234375 0.02578125
0 0.03671875 0.85 0.0234375 0.0296875
0 0.009375 0.8453125 0.01875 0.0234375
0 0.096875 0.69375 0.040625 0.0421875
0 0.14453125 0.66875 0.0234375 0.025
0 0.190625 0.65625 0.02265625 0.0296875
0 0.2375 0.63671875 0.02421875 0.034375
0 0.06875 0.578125 0.025 0.028125
0 0.18125 0.52578125 0.02265625 0.0265625
0 0.221875 0.509375 0.02109375 0.0265625
0 0.165625 0.36953125 0.0265625 0.03125
0 0.1984375 0.24375 0.025 0.028125
0 0.14375 0.2421875 0.0265625 0.0296875
0 0.23203125 0.08671875 0.02734375 0.028125
0 0.2046875 0.078125 0.025 0.02890625
0 0.17109375 0.0703125 0.0234375 0.02734375
0 0.13203125 0.04609375 0.0296875 0.0234375