0 0.340625 0.0578125 0.07265625 0.0671875
0 0.62421875 0.21328125 0.0625 0.0625
0 0.8484375 0.26796875 0.0828125 0.075
0 0.44140625 0.159375 0.0640625 0.06171875
0 0.3859375 0.228125 0.06875 0.0625
0 0.2625 0.2125 0.0734375 0.075
0 0.3453125 0.29375 0.065625 0.05859375
0 0.31484375 0.3640625 0.0625 0.0578125
0 0.48828125 0.43125 0.075 0.0671875
0 0.6859375 0.4421875 0.0375 0.0484375
0 0.9 0.6125 0.065625 0.0734375
0 0.81171875 0.74375 0.02734375 0.03671875
0 0.7171875 0.73671875 0.0390625 0.040625
0 0.440625 0.49140625 0.0671875 0.05859375
0 0.415625 0.55 0.0390625 0.0359375
0 0.503125 0.5765625 0.0640625 0.065625
0 0.5796875 0.6390625 0.0625 0.0625
0 0.5484375 0.6953125 0.04140625 0.046875
0 0.4859375 0.71640625 0.06640625 0.06875
0 0.36796875 0.70703125 0.0671875 0.071875
0 0.28125 0.43671875 0.06875 0.059375
0 0.24296875 0.496875 0.0625 0.0578125
0 0.89609375 0.8703125 0.0375 0.046875
0 0.803125 0.86328125 0.0390625 0.0453125
0 0.478125 0.8546875 0.053125 0.06171875
0 0.5375 0.884375 0.0375 0.0375
0 0.30546875 0.83359375 0.02890625 0.0421875
0 0.41953125 0.8546875 0.040625 0.04375
0 0.0359375 0.1703125 0.0671875 0.06875
0 0.1234375 0.1671875 0.071875 0.0796875