0 0.41171875 0.1203125 0.06015625 0.053125
0 0.353125 0.1578125 0.021875 0.01875
0 0.91640625 0.1625 0.0546875 0.05
0 0.62734375 0.36796875 0.028125 0.0328125
0 0.4046875 0.2890625 0.0421875 0.05
0 0.23828125 0.221875 0.046875 0.059375
0 0.1375 0.19140625 0.03046875 0.0375
0 0.1953125 0.2359375 0.03125 0.04765625
0 0.18515625 0.3015625 0.040625 0.03203125
0 0.23046875 0.33125 0.03046875 0.0390625
0 0.2734375 0.3515625 0.03125 0.0375
0 0.30390625 0.2484375 0.0265625 0.021875
0 0.27734375 0.23046875 0.01875 0.02265625
0 0.3484375 0.26796875 0.03046875 0.0421875
0 0.4515625 0.27265625 0.021875 0.0265625
0 0.49453125 0.2984375 0.0171875 0.0203125
0 0.490625 0.321875 0.0234375 0.0203125
0 0.47421875 0.34765625 0.01875 0.01953125
0 0.67109375 0.3875 0.03125 0.03125
0 0.70859375 0.40546875 0.0390625 0.0265625
0 0.578125 0.47421875 0.028125 0.03125
0 0.70703125 0.44453125 0.0359375 0.0296875
0 0.6875 0.4765625 0.03125 0.028125
0 0.6734375 0.51328125 0.03359375 0.0265625
0 0.340625 0.5546875 0.028125 0.03125
0 0.3140625 0.58125 0.02578125 0.03203125
0 0.265625 0.57734375 0.0484375 0.05234375
0 0.2125 0.5453125 0.0515625 0.065625
0 0.10703125 0.49140625 0.046875 0.0578125
0 0.05234375 0.4640625 0.05 0.059375
0 0.09921875 0.609375 0.04453125 0.04765625
0 0.15390625 0.63984375 0.0421875 0.0546875
0 0.03359375 0.65234375 0.03515625 0.0265625
0 0.83515625 0.4875 0.025 0.034375
0 0.875 0.5 0.0296875 0.034375
0 0.903125 0.52578125 0.0328125 0.0328125
0 0.91875 0.56328125 0.0328125 0.0265625
0 0.93828125 0.59609375 0.034375 0.03125
0 0.95390625 0.6890625 0.0265625 0.0328125
0 0.9015625 0.7015625 0.028125 0.03125
0 0.878125 0.74453125 0.034375 0.028125
0 0.865625 0.6890625 0.028125 0.03125
0 0.7296875 0.75859375 0.028125 0.0328125
0 0.76640625 0.7765625 0.0296875 0.03046875
0 0.803125 0.79453125 0.03203125 0.034375
0 0.82265625 0.8765625 0.021875 0.025
0 0.790625 0.903125 0.025 0.0296875
0 0.75625 0.8890625 0.0265625 0.03125
0 0.72265625 0.86875 0.03359375 0.0421875
1 0.72421875 0.9875 0.03125 0.02109375
0 0.69296875 0.98203125 0.0234375 0.0328125
0 0.4234375 0.928125 0.0515625 0.05546875
0 0.3640625 0.97890625 0.0578125 0.03984375
0 0.24140625 0.98515625 0.0328125 0.025
1 0.01171875 0.43359375 0.0234375 0.05625
1 0.009375 0.55 0.0171875 0.05625
1 0.0875 0.97890625 0.0640625 0.03828125