0 0.18046875 0.1265625 0.0734375 0.0640625
0 0.1671875 0.26328125 0.06953125 0.059375
0 0.3 0.21875 0.053125 0.0578125
0 0.37578125 0.21875 0.0671875 0.07578125
0 0.571875 0.19921875 0.040625 0.0328125
0 0.6234375 0.24921875 0.03984375 0.034375
0 0.42734375 0.26328125 0.0640625 0.05625
0 0.1703125 0.35625 0.06875 0.0640625
0 0.2859375 0.4609375 0.078125 0.0671875
0 0.41484375 0.48203125 0.0640625 0.05625
0 0.5109375 0.3828125 0.0609375 0.05078125
0 0.884375 0.0328125 0.0765625 0.065625
0 0.1609375 0.5640625 0.0703125 0.0640625
0 0.2578125 0.5421875 0.0703125 0.06015625
0 0.296875 0.6125 0.06328125 0.05625
0 0.2078125 0.709375 0.0640625 0.05625
0 0.3453125 0.6765625 0.07421875 0.059375
0 0.24921875 0.7796875 0.0734375 0.0625
0 0.3 0.8421875 0.06328125 0.05390625
0 0.34375 0.9078125 0.0625 0.05078125
0 0.93046875 0.90546875 0.0375 0.04375
0 0.81875 0.92421875 0.0859375 0.08359375
0 0.64453125 0.846875 0.03828125 0.03515625
0 0.615625 0.80859375 0.0390625 0.0359375
0 0.4546875 0.5453125 0.07265625 0.059375
0 0.5015625 0.6015625 0.0609375 0.05625
1 0.91640625 0.99453125 0.0171875 0.0109375