1 0.63515625 0.01328125 0.0546875 0.02578125
0 0.7 0.0390625 0.05546875 0.0625
0 0.7578125 0.0984375 0.05625 0.06015625
0 0.8234375 0.13984375 0.053125 0.059375
0 0.8953125 0.17890625 0.0546875 0.0578125
0 0.7984375 0.20234375 0.05234375 0.04921875
0 0.834375 0.3375 0.0265625 0.0328125
0 0.8546875 0.48203125 0.059375 0.0546875
0 0.71171875 0.528125 0.0515625 0.06015625
0 0.60625 0.49453125 0.05546875 0.0484375
0 0.4875 0.4203125 0.0546875 0.0484375
0 0.22265625 0.665625 0.0578125 0.0546875
0 0.640625 0.9296875 0.05 0.0578125
0 0.4328125 0.96875 0.0578125 0.0484375
0 0.3453125 0.8234375 0.05625 0.0578125
0 0.084375 0.85234375 0.0578125 0.0546875