0 0.3203125 0.0140625 0.0375 0.028125
0 0.3921875 0.1125 0.03046875 0.028125
0 0.42578125 0.1546875 0.0328125 0.028125
0 0.4484375 0.19296875 0.0328125 0.034375
0 0.47890625 0.23359375 0.0453125 0.0484375
0 0.50625 0.3375 0.02734375 0.034375
0 0.5015625 0.41875 0.02734375 0.03203125
0 0.7359375 0.2875 0.0296875 0.03515625
0 0.48515625 0.6453125 0.05234375 0.0515625
0 0.46796875 0.7484375 0.034375 0.0296875
0 0.45546875 0.7984375 0.0328125 0.028125
0 0.37890625 0.92890625 0.0484375 0.046875
0 0.33984375 0.96171875 0.05 0.05234375
1 0.23671875 0.99296875 0.0421875 0.0140625