0 0.52578125 0.1625 0.0359375 0.0390625
0 0.521875 0.20859375 0.0359375 0.0390625
0 0.525 0.2609375 0.0375 0.0390625
0 0.525 0.31328125 0.03671875 0.0390625
0 0.52265625 0.35859375 0.0359375 0.0375
0 0.603125 0.4234375 0.0484375 0.0609375
0 0.5078125 0.4734375 0.059375 0.05
0 0.52109375 0.528125 0.03515625 0.0375
0 0.546875 0.571875 0.0421875 0.03828125
0 0.51328125 0.63671875 0.06953125 0.065625
0 0.31875 0.71484375 0.0375 0.0359375
0 0.4734375 0.715625 0.0375 0.040625
0 0.528125 0.72109375 0.0375 0.046875
0 0.40390625 0.7734375 0.046875 0.0390625
0 0.44921875 0.83203125 0.03671875 0.040625
0 0.49453125 0.8234375 0.03671875 0.0359375
0 0.30234375 0.834375 0.0375 0.0359375
0 0.4703125 0.93203125 0.040625 0.03828125
0 0.7765625 0.80625 0.07421875 0.0703125
0 0.775 0.728125 0.06171875 0.06328125
0 0.92734375 0.80859375 0.040625 0.0375
0 0.93125 0.73046875 0.07109375 0.065625
0 0.9375 0.65234375 0.0765625 0.06875
0 0.77421875 0.6515625 0.0671875 0.06796875
0 0.93671875 0.5671875 0.07890625 0.0703125
0 0.771875 0.4953125 0.0734375 0.0703125
0 0.92734375 0.4734375 0.0625 0.065625
0 0.93203125 0.38125 0.06875 0.065625
0 0.771875 0.41640625 0.0734375 0.06953125
0 0.77109375 0.33828125 0.0734375 0.0703125
0 0.928125 0.26875 0.0734375 0.06875
0 0.9375 0.16484375 0.075 0.06875
0 0.7765625 0.18359375 0.0390625 0.03671875
0 0.684375 0.23671875 0.0640625 0.06875
0 0.7765625 0.0578125 0.03671875 0.0359375
0 0.25078125 0.1359375 0.0375 0.04140625
0 0.2953125 0.134375 0.0375 0.0375
0 0.340625 0.1546875 0.0375 0.03828125
0 0.39375 0.15625 0.0375 0.0421875