0 0.49140625 0.184375 0.046875 0.046875
0 0.40625 0.2390625 0.025 0.0203125
0 0.44921875 0.37109375 0.04453125 0.046875
0 0.43359375 0.421875 0.05078125 0.04609375
0 0.4125 0.471875 0.0515625 0.04609375
0 0.4703125 0.8703125 0.03125 0.03125
0 0.2484375 0.8984375 0.04609375 0.05
0 0.2171875 0.771875 0.05 0.0421875
0 0.20234375 0.821875 0.02734375 0.0234375
0 0.0796875 0.8390625 0.05703125 0.04609375
0 0.0671875 0.8875 0.0546875 0.0453125
0 0.053125 0.940625 0.0578125 0.0484375
0 0.4125 0.01328125 0.028125 0.02421875
0 0.3984375 0.06484375 0.02734375 0.025
0 0.3828125 0.0890625 0.0296875 0.02578125
0 0.36875 0.140625 0.028125 0.028125
0 0.371875 0.16796875 0.02578125 0.02578125
0 0.3578125 0.190625 0.0296875 0.025
0 0.346875 0.271875 0.0234375 0.0234375
0 0.334375 0.3078125 0.028125 0.025
0 0.34375 0.3359375 0.0140625 0.01484375
0 0.275 0.53671875 0.028125 0.025
0 0.15859375 0.9671875 0.02890625 0.0234375
0 0.08046875 0.68671875 0.028125 0.0296875