0 0.30078125 0.0921875 0.015625 0.02421875
0 0.2171875 0.09921875 0.01796875 0.0234375
0 0.1609375 0.13515625 0.02421875 0.0171875
0 0.33125 0.121875 0.0296875 0.021875
0 0.4234375 0.1453125 0.021875 0.0296875
0 0.34375 0.15625 0.0171875 0.025
0 0.315625 0.1625 0.021875 0.0265625
0 0.2890625 0.16796875 0.021875 0.0265625
0 0.2671875 0.17890625 0.0234375 0.0265625
0 0.6765625 0.16953125 0.03125 0.0359375
0 0.71015625 0.175 0.0296875 0.0265625
0 0.95546875 0.26328125 0.02421875 0.034375
0 0.07734375 0.5828125 0.03203125 0.0203125
0 0.1234375 0.65390625 0.02421875 0.0203125
0 0.14765625 0.67421875 0.02421875 0.021875
0 0.39140625 0.70625 0.034375 0.0203125
0 0.64765625 0.68359375 0.02734375 0.03125
0 0.68359375 0.6828125 0.02578125 0.03125
0 0.715625 0.678125 0.03125 0.0359375
0 0.384375 0.67421875 0.02421875 0.028125
0 0.20390625 0.178125 0.015625 0.0296875
0 0.1828125 0.17578125 0.015625 0.0234375
0 0.16171875 0.17265625 0.01796875 0.021875
0 0.10859375 0.1921875 0.0234375 0.01796875
0 0.103125 0.2109375 0.03125 0.0171875
0 0.15078125 0.23671875 0.0265625 0.01875
0 0.190625 0.240625 0.025 0.01640625
0 0.1828125 0.26796875 0.02265625 0.01796875
0 0.09609375 0.33984375 0.0203125 0.03125
0 0.1515625 0.3515625 0.02734375 0.0203125
0 0.140625 0.40234375 0.025 0.01875
0 0.1296875 0.42734375 0.0265625 0.01953125
0 0.13515625 0.45390625 0.02890625 0.0203125
0 0.1484375 0.4734375 0.02265625 0.025
0 0.2140625 0.6109375 0.025 0.02421875
0 0.25703125 0.6390625 0.02265625 0.028125
0 0.278125 0.659375 0.0234375 0.02421875
0 0.30078125 0.66640625 0.021875 0.0296875
0 0.3265625 0.6609375 0.021875 0.0265625
0 0.3546875 0.665625 0.02265625 0.034375
0 0.7828125 0.1734375 0.0390625 0.04453125
0 0.8171875 0.19375 0.034375 0.03515625
0 0.8390625 0.21640625 0.0296875 0.028125
0 0.865625 0.240625 0.03125 0.03203125
0 0.9046875 0.28984375 0.04296875 0.03125
0 0.91328125 0.3234375 0.0390625 0.0296875
0 0.9234375 0.353125 0.04140625 0.028125
0 0.928125 0.390625 0.0484375 0.040625
0 0.9296875 0.4296875 0.04375 0.03203125
0 0.93046875 0.4625 0.0359375 0.0265625
0 0.8984375 0.53984375 0.040625 0.0296875
0 0.88984375 0.578125 0.0375 0.03203125
0 0.875 0.609375 0.0375 0.03359375
0 0.8546875 0.63671875 0.028125 0.034375
0 0.82109375 0.6546875 0.0265625 0.03359375
0 0.790625 0.6765625 0.0265625 0.0328125
0 0.7515625 0.68046875 0.0296875 0.03828125
0 0.3859375 0.753125 0.0328125 0.025
0 0.40078125 0.8 0.0265625 0.03984375
0 0.2140625 0.81875 0.053125 0.0515625
0 0.13671875 0.9734375 0.0546875 0.04453125
0 0.8859375 0.809375 0.0265625 0.03984375
0 0.94453125 0.8796875 0.0296875 0.0296875
0 0.92734375 0.9296875 0.0390625 0.028125
0 0.825 0.81875 0.028125 0.0375
0 0.79765625 0.7921875 0.021875 0.0359375
0 0.7625 0.78984375 0.02890625 0.0375
0 0.728125 0.7828125 0.025 0.03984375
0 0.690625 0.775 0.03046875 0.0375
0 0.64921875 0.77421875 0.028125 0.0421875
1 0.921875 0.990625 0.0328125 0.0171875