0 0.38671875 0.08984375 0.034375 0.021875
0 0.390625 0.11875 0.0296875 0.02265625
0 0.37265625 0.1421875 0.02890625 0.0234375
0 0.378125 0.17109375 0.02734375 0.021875
0 0.37890625 0.196875 0.01171875 0.0109375
0 0.35078125 0.27265625 0.0265625 0.0234375
0 0.3390625 0.334375 0.021875 0.01875
0 0.39140625 0.3671875 0.0203125 0.0203125
0 0.45 0.375 0.0484375 0.0421875
0 0.4984375 0.18671875 0.0421875 0.04375
0 0.5328125 0.10078125 0.028125 0.02890625
0 0.571875 0.2265625 0.0234375 0.028125
0 0.60390625 0.39453125 0.0453125 0.0453125
0 0.6015625 0.54765625 0.0296875 0.025
0 0.6796875 0.62734375 0.03515625 0.0421875
0 0.52578125 0.69375 0.02578125 0.0296875
0 0.421875 0.475 0.04921875 0.04140625
0 0.309375 0.41875 0.0296875 0.025
0 0.278125 0.5375 0.02578125 0.02578125
0 0.3375 0.63671875 0.02734375 0.0265625
1 0.00625 0.6703125 0.0125 0.028125
1 0.296875 0.975 0.05625 0.05
0 0.0859375 0.6859375 0.025 0.021875
0 0.10703125 0.7421875 0.053125 0.0484375
0 0.0609375 0.94375 0.05078125 0.04453125
0 0.03359375 0.84296875 0.04375 0.04296875
0 0.18359375 0.92109375 0.05703125 0.040625
0 0.1984375 0.871875 0.0484375 0.04375
0 0.20703125 0.82265625 0.046875 0.0390625
0 0.22421875 0.77265625 0.04609375 0.0375
0 0.27265625 0.7328125 0.0265625 0.0234375
0 0.353125 0.75546875 0.0421875 0.04375
0 0.5078125 0.7640625 0.034375 0.03828125
0 0.51875 0.4328125 0.0421875 0.046875