0 0.89375 0.86796875 0.0234375 0.0265625
0 0.9875 0.934375 0.0203125 0.025
0 0.9421875 0.86875 0.021875 0.0203125
0 0.96953125 0.80546875 0.025 0.0328125
1 0.9953125 0.80703125 0.009375 0.02734375
0 0.8859375 0.80625 0.025 0.025
0 0.71484375 0.96796875 0.034375 0.028125
0 0.978125 0.48828125 0.0265625 0.0234375
0 0.825 0.453125 0.02265625 0.01875
0 0.80078125 0.43359375 0.0234375 0.025
0 0.91875 0.3 0.0328125 0.0265625
0 0.94296875 0.275 0.02734375 0.03203125
0 0.7390625 0.41328125 0.0171875 0.0265625
0 0.684375 0.29609375 0.0234375 0.0296875
0 0.746875 0.29375 0.028125 0.03125
0 0.78125 0.28828125 0.0265625 0.03515625
0 0.8578125 0.23125 0.0328125 0.025
0 0.88359375 0.20546875 0.02734375 0.0234375
0 0.925 0.14609375 0.03046875 0.028125
1 0.9875 0.165625 0.025 0.0265625
1 0.984375 0.2171875 0.02734375 0.02578125
0 0.92109375 0.10625 0.028125 0.025
0 0.94765625 0.08046875 0.03125 0.0265625
0 0.6390625 0.93125 0.0296875 0.0265625
1 0.00546875 0.7828125 0.0109375 0.0265625
0 0.059375 0.7796875 0.01171875 0.015625
0 0.1515625 0.32578125 0.0609375 0.06484375
0 0.12578125 0.22734375 0.02734375 0.0265625
0 0.22421875 0.2609375 0.0203125 0.02890625
0 0.41328125 0.253125 0.0234375 0.0296875
0 0.334375 0.37890625 0.028125 0.03125
0 0.14375 0.190625 0.0296875 0.028125
0 0.14375 0.15546875 0.03125 0.0265625
0 0.1453125 0.12265625 0.03125 0.0296875