0 0.7671875 0.8640625 0.028125 0.03125
0 0.80859375 0.8484375 0.0296875 0.0265625
0 0.8515625 0.77265625 0.03046875 0.0296875
0 0.728125 0.79765625 0.0265625 0.02734375
0 0.6796875 0.69921875 0.0296875 0.0296875
0 0.7875 0.64609375 0.02734375 0.0265625
0 0.821875 0.70390625 0.03125 0.0296875
0 0.6171875 0.575 0.025 0.0265625
0 0.5125 0.58984375 0.02734375 0.0265625
0 0.27421875 0.5890625 0.0359375 0.0265625
0 0.26875 0.5578125 0.0328125 0.028125
0 0.26875 0.5234375 0.0265625 0.03046875
0 0.2921875 0.49375 0.0265625 0.0375
0 0.37265625 0.4875 0.03671875 0.0265625
0 0.3640625 0.45078125 0.040625 0.025
0 0.3640625 0.38125 0.0265625 0.02734375