1 0.0140625 0.2796875 0.02734375 0.02578125
1 0.015625 0.31484375 0.03125 0.0296875
1 0.0140625 0.49140625 0.02734375 0.02890625
1 0.0140625 0.54375 0.028125 0.02734375
1 0.0140625 0.61640625 0.028125 0.028125
1 0.0140625 0.721875 0.028125 0.02890625
1 0.01171875 0.6515625 0.0234375 0.028125
1 0.0140625 0.79375 0.028125 0.0296875
0 0.06171875 0.24921875 0.0390625 0.0265625
0 0.1640625 0.25390625 0.0359375 0.0265625
0 0.253125 0.28125 0.0359375 0.02578125
0 0.34765625 0.27578125 0.028125 0.021875
0 0.2515625 0.37734375 0.034375 0.0234375
0 0.25 0.4375 0.0375 0.02578125
0 0.159375 0.4453125 0.0359375 0.0296875
0 0.15859375 0.5625 0.0390625 0.0296875
0 0.16171875 0.59453125 0.0359375 0.03125
0 0.16171875 0.6296875 0.03671875 0.02890625
0 0.40546875 0.45 0.028125 0.01875
0 0.39765625 0.303125 0.03046875 0.02109375
0 0.3984375 0.32734375 0.02578125 0.01875
0 0.39765625 0.3515625 0.025 0.0203125
0 0.42890625 0.25 0.01875 0.025
0 0.48671875 0.2671875 0.025 0.021875
0 0.48359375 0.3140625 0.0234375 0.02265625
0 0.48359375 0.3578125 0.0234375 0.0203125
0 0.534375 0.3875 0.03125 0.0375
0 0.48984375 0.51875 0.03125 0.021875
0 0.484375 0.546875 0.03125 0.0234375
0 0.4890625 0.58046875 0.03125 0.02265625
0 0.403125 0.603125 0.02734375 0.01875
0 0.5890625 0.55078125 0.0203125 0.0296875
0 0.65703125 0.5734375 0.0453125 0.040625
0 0.6609375 0.32109375 0.0359375 0.028125
0 0.65546875 0.27109375 0.0484375 0.0453125
0 0.746875 0.3203125 0.0390625 0.0296875
0 0.63984375 0.1671875 0.02265625 0.02109375
0 0.86640625 0.27265625 0.0140625 0.01875
0 0.83359375 0.47734375 0.034375 0.0421875
0 0.8796875 0.47265625 0.03046875 0.0421875
0 0.24609375 0.6625 0.0390625 0.0296875
0 0.16171875 0.66015625 0.0390625 0.02890625
0 0.153125 0.69375 0.0375 0.0296875
0 0.1640625 0.7609375 0.040625 0.03359375
0 0.16796875 0.796875 0.0375 0.0296875
0 0.3484375 0.74296875 0.02265625 0.0328125
0 0.4015625 0.66640625 0.02734375 0.021875
0 0.48515625 0.678125 0.0359375 0.0265625
0 0.4984375 0.7375 0.0328125 0.0296875
0 0.1671875 0.9125 0.02578125 0.03125
0 0.3859375 0.9375 0.03125 0.025
0 0.75703125 0.7703125 0.0359375 0.03125
0 0.74921875 0.725 0.03125 0.028125