1 0.00859375 0.5515625 0.0171875 0.05078125
0 0.05234375 0.465625 0.0453125 0.0484375
0 0.1078125 0.49140625 0.04765625 0.059375
0 0.1609375 0.51875 0.0484375 0.05859375
0 0.04296875 0.5859375 0.046875 0.0578125
0 0.09765625 0.609375 0.0484375 0.05625
0 0.15625 0.64296875 0.0453125 0.046875
1 0.08984375 0.9796875 0.059375 0.0390625
0 0.2390625 0.9859375 0.0328125 0.0265625
0 0.2609375 0.93828125 0.03203125 0.028125
0 0.3671875 0.97890625 0.05 0.040625
0 0.55703125 0.9734375 0.0328125 0.03125
0 0.83828125 0.9671875 0.0296875 0.0453125
0 0.95390625 0.87421875 0.02734375 0.03671875
0 0.6875 0.853125 0.03828125 0.0484375
0 0.76171875 0.89296875 0.0203125 0.025
0 0.7921875 0.90078125 0.0203125 0.0265625
0 0.821875 0.88125 0.0265625 0.0296875
0 0.8390625 0.85 0.034375 0.028125
0 0.82734375 0.815625 0.03671875 0.0296875
0 0.8 0.79609375 0.028125 0.0328125
0 0.765625 0.775 0.028125 0.0296875
0 0.73125 0.75546875 0.028125 0.0296875
0 0.7734375 0.68359375 0.02890625 0.034375
0 0.803125 0.66875 0.0265625 0.0296875
0 0.86875 0.690625 0.0296875 0.03203125
0 0.9046875 0.703125 0.028125 0.03125
0 0.98515625 0.6828125 0.0265625 0.03125
0 0.93828125 0.634375 0.03125 0.02890625
0 0.9375 0.59609375 0.03046875 0.02890625
0 0.790625 0.55 0.0265625 0.0203125
0 0.809375 0.5171875 0.02890625 0.0328125
0 0.87578125 0.4984375 0.028125 0.034375
0 0.66640625 0.5484375 0.0328125 0.0296875
0 0.67421875 0.51328125 0.034375 0.0265625
0 0.68671875 0.47734375 0.03125 0.0265625
0 0.75078125 0.45390625 0.028125 0.034375
0 0.79765625 0.39140625 0.0265625 0.021875
0 0.7078125 0.40703125 0.03359375 0.0296875
0 0.66953125 0.3875 0.0265625 0.0328125
0 0.6265625 0.37421875 0.0484375 0.053125
0 0.58046875 0.475 0.0265625 0.0359375
0 0.54140625 0.46875 0.0296875 0.03515625
0 0.40859375 0.4984375 0.0265625 0.034375
0 0.34375 0.55625 0.02578125 0.0296875
0 0.3171875 0.58515625 0.0265625 0.03203125
0 0.2140625 0.54453125 0.04921875 0.06328125
0 0.4921875 0.421875 0.021875 0.02578125
0 0.35625 0.39453125 0.0296875 0.0359375
0 0.4921875 0.321875 0.02265625 0.01875
0 0.40390625 0.2890625 0.046875 0.05390625
0 0.35234375 0.2609375 0.0453125 0.0546875
0 0.3 0.203125 0.01875 0.0234375
0 0.2390625 0.221875 0.04609375 0.0546875
0 0.196875 0.23359375 0.03125 0.0421875
0 0.178125 0.265625 0.0328125 0.0296875
0 0.17578125 0.30703125 0.0546875 0.05
0 0.23046875 0.33125 0.03125 0.046875