0 0.08515625 0.0984375 0.02421875 0.0296875
0 0.21484375 0.184375 0.04375 0.05234375
0 0.31484375 0.2203125 0.0171875 0.01640625
0 0.3359375 0.2375 0.01796875 0.0234375
0 0.3015625 0.2375 0.01875 0.01875
0 0.38046875 0.2765625 0.0234375 0.0296875
0 0.4109375 0.28359375 0.01484375 0.0171875
0 0.43203125 0.29375 0.0140625 0.0171875
0 0.4203125 0.309375 0.0203125 0.01953125
0 0.4890625 0.33203125 0.0171875 0.0203125
0 0.6296875 0.28984375 0.0265625 0.025
0 0.671875 0.4609375 0.0265625 0.028125
1 0.9859375 0.2984375 0.028125 0.04375
0 0.959375 0.3484375 0.04375 0.0546875
0 0.9078125 0.4203125 0.0515625 0.053125
0 0.95546875 0.6421875 0.0515625 0.05625
0 0.9359375 0.59453125 0.053125 0.0515625
0 0.175 0.85625 0.03203125 0.0296875
1 0.98828125 0.63828125 0.0234375 0.0484375
0 0.5203125 0.35390625 0.0125 0.0140625
0 0.503125 0.3671875 0.0125 0.01171875
0 0.415625 0.3265625 0.0109375 0.01171875
0 0.3984375 0.30234375 0.01328125 0.01796875