0 0.03671875 0.165625 0.0671875 0.071875
0 0.03359375 0.3828125 0.065625 0.0671875
0 0.0375 0.4765625 0.071875 0.07421875
0 0.034375 0.571875 0.0609375 0.0640625
0 0.034375 0.6546875 0.0625 0.0640625
0 0.03828125 0.73671875 0.0734375 0.0703125
0 0.24375 0.728125 0.07265625 0.06796875
0 0.2359375 0.571875 0.08125 0.0703125
0 0.240625 0.37265625 0.08046875 0.06875
0 0.24140625 0.2625 0.06875 0.0625
0 0.409375 0.1671875 0.06796875 0.065625
0 0.4171875 0.2609375 0.07890625 0.08515625
0 0.4171875 0.3703125 0.08203125 0.08125
0 0.4140625 0.4625 0.07109375 0.0671875
0 0.41640625 0.5671875 0.08125 0.07421875
0 0.41640625 0.65546875 0.07265625 0.065625
0 0.41484375 0.73203125 0.0703125 0.059375
0 0.415625 0.81328125 0.0703125 0.0640625
0 0.203125 0.9296875 0.0828125 0.0734375
0 0.78203125 0.825 0.0671875 0.07421875
0 0.78046875 0.725 0.07734375 0.06484375
0 0.7828125 0.646875 0.071875 0.0625
0 0.7796875 0.56875 0.0765625 0.06171875
0 0.871875 0.60703125 0.06796875 0.075
0 0.6265625 0.5765625 0.05 0.03515625
0 0.61484375 0.3109375 0.0671875 0.0703125
0 0.76796875 0.290625 0.0859375 0.08984375
0 0.7671875 0.3828125 0.0640625 0.06484375