0 0.25859375 0.70703125 0.04375 0.0453125
0 0.3765625 0.81328125 0.0453125 0.0453125
0 0.440625 0.6265625 0.01796875 0.028125
0 0.46640625 0.6171875 0.01875 0.0265625
0 0.49375 0.60703125 0.0171875 0.0265625
0 0.59921875 0.5625 0.02421875 0.02734375
0 0.65 0.5390625 0.025 0.0296875
0 0.91875 0.46875 0.0234375 0.02890625
0 0.775 0.5203125 0.025 0.02109375
0 0.703125 0.6046875 0.0265625 0.0203125
0 0.48046875 0.7859375 0.0234375 0.02265625
0 0.4109375 0.721875 0.03125 0.021875
0 0.534375 0.76484375 0.0296875 0.0234375
0 0.7484375 0.678125 0.025 0.021875
0 0.8078125 0.60078125 0.0265625 0.021875
0 0.79609375 0.571875 0.0265625 0.021875
0 0.784375 0.54765625 0.0234375 0.01953125
0 0.859375 0.46484375 0.0234375 0.021875
0 0.890625 0.54921875 0.025 0.01875
0 0.9015625 0.5765625 0.025 0.0203125
0 0.91328125 0.6046875 0.0234375 0.0171875
0 0.925 0.63203125 0.0234375 0.0203125