0 0.9515625 0.02734375 0.0328125 0.02265625
0 0.94609375 0.0625 0.03125 0.0265625
0 0.84296875 0.0703125 0.03125 0.0328125
0 0.665625 0.1203125 0.0546875 0.05234375
0 0.73984375 0.1546875 0.06640625 0.071875
0 0.57578125 0.22265625 0.0546875 0.0546875
0 0.88125 0.32109375 0.034375 0.03203125
0 0.88125 0.4203125 0.0640625 0.0640625
0 0.82109375 0.45234375 0.0546875 0.0640625
0 0.7828125 0.4859375 0.034375 0.034375
0 0.8828125 0.5671875 0.06171875 0.0546875
0 0.31328125 0.30390625 0.0375 0.03125
0 0.10078125 0.42421875 0.0359375 0.0265625
0 0.52734375 0.415625 0.06875 0.06796875
0 0.55390625 0.47890625 0.0640625 0.06015625
0 0.7453125 0.7671875 0.06015625 0.0546875
0 0.5765625 0.590625 0.0453125 0.03671875
0 0.459375 0.6375 0.053125 0.046875
0 0.2515625 0.67734375 0.05 0.0375
0 0.11796875 0.7046875 0.0609375 0.05
0 0.2734375 0.79921875 0.059375 0.0515625
0 0.58671875 0.84296875 0.0359375 0.03125
0 0.5875 0.871875 0.0421875 0.025
0 0.5890625 0.89765625 0.03125 0.0265625
0 0.596875 0.946875 0.03671875 0.02578125
0 0.5953125 0.9703125 0.0421875 0.0265625
0 0.5078125 0.9078125 0.0390625 0.02578125
0 0.5109375 0.93359375 0.03828125 0.0265625
0 0.46796875 0.7 0.0578125 0.0484375
0 0.47421875 0.75390625 0.0546875 0.0484375
1 0.00625 0.41015625 0.0125 0.021875