0 0.2984375 0.15546875 0.03671875 0.0359375
0 0.39453125 0.15625 0.05078125 0.059375
0 0.528125 0.165625 0.046875 0.0375
0 0.778125 0.1875 0.065625 0.06796875
0 0.934375 0.1671875 0.0703125 0.0703125
0 0.7703125 0.265625 0.0765625 0.06875
0 0.51953125 0.2640625 0.0375 0.0375
0 0.55 0.315625 0.03671875 0.0359375
0 0.521875 0.36171875 0.0390625 0.0375
0 0.5203125 0.41484375 0.0390625 0.03515625
0 0.509375 0.4765625 0.0578125 0.05
0 0.521875 0.53125 0.03984375 0.0359375
0 0.771875 0.34375 0.06015625 0.065625
0 0.93203125 0.38359375 0.06640625 0.0640625
0 0.78203125 0.41796875 0.03671875 0.0375
0 0.771875 0.49765625 0.075 0.06875
0 0.9328125 0.478125 0.07578125 0.071875
0 0.771875 0.5765625 0.0703125 0.0640625
0 0.925 0.571875 0.0609375 0.0640625
0 0.6859375 0.61875 0.0546875 0.0609375
0 0.60390625 0.6609375 0.03671875 0.040625
0 0.52421875 0.57734375 0.0328125 0.034375
0 0.5140625 0.640625 0.0609375 0.0515625
0 0.47421875 0.7203125 0.034375 0.03984375
0 0.425 0.7171875 0.034375 0.0375
0 0.37265625 0.7203125 0.0359375 0.0375
0 0.31875 0.721875 0.03828125 0.0390625
0 0.934375 0.65703125 0.065625 0.0625
0 0.93671875 0.734375 0.0734375 0.06953125
0 0.775 0.73125 0.0703125 0.06484375
0 0.78125 0.8109375 0.07265625 0.0671875
0 0.509375 0.77578125 0.03515625 0.0359375
0 0.49375 0.8265625 0.0359375 0.0375
0 0.34921875 0.83125 0.03671875 0.04375
0 0.421875 0.9375 0.06328125 0.0671875