0 0.11015625 0.05625 0.05625 0.0703125
0 0.68359375 0.065625 0.0703125 0.07578125
0 0.871875 0.0453125 0.0375 0.034375
0 0.9609375 0.08671875 0.0484375 0.040625
0 0.9375 0.1484375 0.07109375 0.0625
1 0.9875 0.18671875 0.025 0.0578125
0 0.7234375 0.140625 0.05859375 0.059375
0 0.790625 0.20703125 0.06015625 0.06328125
0 0.75859375 0.275 0.06953125 0.05859375
0 0.86171875 0.32890625 0.0671875 0.0640625
0 0.734375 0.33125 0.040625 0.0328125
0 0.5203125 0.125 0.0671875 0.08125
0 0.43984375 0.15859375 0.0671875 0.071875
0 0.3546875 0.19140625 0.08125 0.0796875
0 0.27734375 0.22109375 0.06875 0.071875
0 0.4734375 0.33359375 0.04140625 0.04765625
0 0.6671875 0.40390625 0.034375 0.0421875
0 0.621875 0.41796875 0.040625 0.046875
0 0.478125 0.478125 0.03515625 0.0390625
0 0.759375 0.60234375 0.06796875 0.078125
0 0.35390625 0.85625 0.078125 0.06953125
0 0.2828125 0.771875 0.040625 0.0453125
0 0.13203125 0.828125 0.03828125 0.0375
0 0.0203125 0.765625 0.040625 0.0375