0 0.07890625 0.26484375 0.06640625 0.0828125
0 0.146875 0.2390625 0.05703125 0.07421875
0 0.3640625 0.28984375 0.04296875 0.034375
0 0.390625 0.2375 0.05625 0.0484375
0 0.41015625 0.178125 0.0421875 0.034375
0 0.44296875 0.1296875 0.04609375 0.0390625
0 0.49921875 0.096875 0.04921875 0.0390625
0 0.5546875 0.13515625 0.0375 0.0359375
0 0.575 0.21328125 0.03828125 0.0328125
0 0.403125 0.3875 0.05625 0.0625
0 0.4765625 0.47578125 0.0703125 0.05859375
0 0.484375 0.4 0.040625 0.034375
0 0.63671875 0.415625 0.071875 0.065625
0 0.77109375 0.29140625 0.0578125 0.06015625
0 0.8359375 0.32265625 0.04296875 0.05546875
0 0.89375 0.33515625 0.03125 0.03984375
0 0.89765625 0.1984375 0.0484375 0.053125
0 0.76953125 0.13203125 0.02890625 0.034375
0 0.22421875 0.35859375 0.0421875 0.03203125
0 0.196875 0.4171875 0.0421875 0.034375
0 0.16015625 0.478125 0.0609375 0.0578125
0 0.1375 0.5359375 0.0421875 0.0359375
0 0.06640625 0.60390625 0.03515625 0.0421875
0 0.0234375 0.6234375 0.028125 0.0390625
0 0.27734375 0.25 0.0359375 0.0296875
0 0.5078125 0.346875 0.04453125 0.03203125
0 0.2921875 0.4640625 0.0671875 0.0578125