0 0.621875 0.29453125 0.034375 0.040625
0 0.8015625 0.57734375 0.08359375 0.084375
0 0.9234375 0.59453125 0.0609375 0.0578125
0 0.95 0.44375 0.06953125 0.08125
0 0.4625 0.6375 0.078125 0.06640625
0 0.43359375 0.71796875 0.0875 0.071875
0 0.3875 0.7515625 0.03125 0.0421875
0 0.271875 0.775 0.0765625 0.0671875
0 0.2046875 0.6828125 0.05625 0.07109375
0 0.1390625 0.65 0.065625 0.05546875
0 0.16484375 0.584375 0.040625 0.0375
0 0.2125 0.4796875 0.04375 0.0375
0 0.3515625 0.43359375 0.03125 0.0375
0 0.37265625 0.5125 0.04140625 0.0328125
0 0.6265625 0.4671875 0.04296875 0.0578125
0 0.07421875 0.5484375 0.034375 0.028125
0 0.0640625 0.8296875 0.06875 0.0640625
0 0.6328125 0.63125 0.0625 0.065625
0 0.6953125 0.6359375 0.03125 0.03984375
0 0.3078125 0.646875 0.040625 0.0359375
0 0.32890625 0.58203125 0.0671875 0.059375