0 0.42890625 0.128125 0.0421875 0.0390625
0 0.70703125 0.221875 0.0703125 0.08125
0 0.62109375 0.2578125 0.06171875 0.0578125
0 0.46796875 0.3265625 0.05390625 0.0546875
0 0.42734375 0.265625 0.059375 0.0546875
0 0.37578125 0.21953125 0.0703125 0.0796875
0 0.30234375 0.22109375 0.0703125 0.078125
0 0.22578125 0.22265625 0.0703125 0.0796875
0 0.16328125 0.2640625 0.0765625 0.06328125
0 0.16875 0.35859375 0.08359375 0.0703125
0 0.29609375 0.3671875 0.0671875 0.0765625
0 0.5 0.6046875 0.065625 0.0578125
0 0.375 0.425 0.071875 0.0640625
0 0.415625 0.48671875 0.0625 0.0640625
0 0.45859375 0.5453125 0.065625 0.05625
1 0.98515625 0.9328125 0.028125 0.06015625
0 0.9296875 0.9109375 0.0359375 0.053125
0 0.88828125 0.94375 0.0390625 0.04140625
0 0.81953125 0.92578125 0.0703125 0.084375
0 0.6453125 0.84921875 0.03984375 0.03671875
0 0.61796875 0.809375 0.0390625 0.034375
0 0.2984375 0.615625 0.0765625 0.059375
0 0.34375 0.68203125 0.06484375 0.059375
0 0.3921875 0.74609375 0.06171875 0.0609375
0 0.16015625 0.646875 0.06171875 0.0546875
0 0.2125 0.7109375 0.059375 0.0578125
0 0.2546875 0.7765625 0.05625 0.0484375
0 0.30234375 0.84296875 0.05625 0.04921875
0 0.340625 0.9125 0.065625 0.05625