0 0.7625 0.07734375 0.0328125 0.0328125
0 0.84609375 0.24609375 0.02890625 0.03359375
0 0.6890625 0.1515625 0.0296875 0.040625
0 0.725 0.1734375 0.028125 0.0375
0 0.7609375 0.1953125 0.0234375 0.02890625
0 0.18046875 0.3890625 0.059375 0.0484375
0 0.20703125 0.3359375 0.05859375 0.0484375
0 0.36640625 0.2796875 0.0578125 0.05234375
0 0.3375 0.334375 0.053125 0.05078125
0 0.55234375 0.2734375 0.03125 0.02890625
0 0.54921875 0.309375 0.034375 0.0265625
0 0.51640625 0.3328125 0.025 0.02734375
0 0.49296875 0.3546875 0.0296875 0.0265625
0 0.4796875 0.384375 0.03125 0.028125
0 0.4921875 0.41484375 0.03125 0.028125
0 0.2796875 0.44921875 0.06328125 0.053125
0 0.1734375 0.53046875 0.034375 0.03125
0 0.4375 0.634375 0.03125 0.0265625
0 0.69375 0.5453125 0.025 0.03515625
0 0.70546875 0.64609375 0.015625 0.021875
0 0.6359375 0.6265625 0.02890625 0.034375
0 0.5375 0.6890625 0.059375 0.05
0 0.4796875 0.734375 0.03515625 0.02890625
0 0.6359375 0.7703125 0.028125 0.034375
0 0.81328125 0.8765625 0.0375 0.0296875
0 0.90078125 0.8875 0.0296875 0.040625
0 0.75859375 0.940625 0.0296875 0.03671875
0 0.70859375 0.96484375 0.040625 0.0359375
0 0.2015625 0.478125 0.028125 0.034375
1 0.90390625 0.009375 0.0296875 0.0140625