0 0.2171875 0.3421875 0.034375 0.02890625
0 0.22578125 0.371875 0.0234375 0.0203125
0 0.2828125 0.4625 0.0265625 0.0265625
0 0.28359375 0.53046875 0.021875 0.025
0 0.2359375 0.58046875 0.025 0.0234375
0 0.2265625 0.6734375 0.03359375 0.0265625
0 0.2296875 0.71015625 0.03125 0.0265625
0 0.23515625 0.74453125 0.034375 0.028125
0 0.234375 0.7828125 0.03515625 0.0296875
0 0.2328125 0.81875 0.040625 0.0296875
0 0.22578125 0.8625 0.040625 0.03203125
0 0.38203125 0.35546875 0.0359375 0.0296875
0 0.3859375 0.421875 0.03671875 0.03125
0 0.3828125 0.4578125 0.0390625 0.03515625
0 0.3796875 0.4921875 0.0390625 0.0359375
0 0.384375 0.6359375 0.03828125 0.028125
0 0.384375 0.6765625 0.03671875 0.03125
0 0.3875 0.721875 0.028125 0.0296875
0 0.38828125 0.7671875 0.0375 0.0328125
0 0.384375 0.853125 0.040625 0.03359375
0 0.5140625 0.3875 0.03125 0.03125
0 0.465625 0.409375 0.03828125 0.034375
0 0.46875 0.5265625 0.0359375 0.02734375
0 0.46796875 0.5703125 0.04375 0.03515625
0 0.4671875 0.74375 0.0375 0.03125
0 0.4703125 0.815625 0.0359375 0.028125
0 0.471875 0.853125 0.0328125 0.028125
0 0.4703125 0.8875 0.0359375 0.028125
0 0.70859375 0.3453125 0.0359375 0.0265625
0 0.78046875 0.28359375 0.03203125 0.02734375
0 0.6203125 0.3796875 0.0375 0.0265625
0 0.7078125 0.3796875 0.0375 0.028125
0 0.709375 0.41640625 0.03203125 0.028125
0 0.709375 0.52421875 0.0390625 0.025
0 0.6171875 0.5546875 0.02890625 0.028125
0 0.6203125 0.58984375 0.034375 0.0265625
0 0.7109375 0.56015625 0.03515625 0.025
0 0.7125 0.59140625 0.03515625 0.0265625
0 0.709375 0.6421875 0.0296875 0.03046875
0 0.70546875 0.67890625 0.034375 0.025
0 0.70546875 0.71484375 0.0375 0.025
0 0.70234375 0.7515625 0.0359375 0.0265625
0 0.70703125 0.821875 0.0359375 0.028125
0 0.709375 0.859375 0.0359375 0.028125
0 0.621875 0.715625 0.03828125 0.025
0 0.6203125 0.75234375 0.0375 0.0265625
0 0.621875 0.7875 0.040625 0.025
0 0.621875 0.859375 0.0390625 0.0265625
0 0.94375 0.3484375 0.0296875 0.025
0 0.9546875 0.4109375 0.03125 0.025
0 0.8578125 0.41640625 0.03359375 0.0234375
0 0.95 0.4765625 0.0296875 0.025
0 0.85703125 0.51484375 0.0328125 0.021875
0 0.859375 0.5453125 0.03515625 0.0203125
0 0.95234375 0.5375 0.034375 0.0234375
0 0.95390625 0.56875 0.03125 0.02109375
0 0.9484375 0.628125 0.03125 0.0328125
0 0.946875 0.7609375 0.03125 0.028125
0 0.94765625 0.79453125 0.0296875 0.021875
0 0.859375 0.79296875 0.02734375 0.0296875
0 0.8109375 0.865625 0.021875 0.0390625
0 0.93515625 0.89140625 0.025 0.0296875
0 0.49765625 0.20625 0.028125 0.0265625
0 0.85 0.08359375 0.02265625 0.01875