0 0.0296875 0.6234375 0.028125 0.025
0 0.0390625 0.65234375 0.028125 0.025
0 0.0484375 0.68125 0.0265625 0.02578125
0 0.06484375 0.73984375 0.0265625 0.028125
0 0.09296875 0.590625 0.04765625 0.0515625
0 0.1734375 0.6265625 0.0234375 0.0328125
0 0.2140625 0.65 0.046875 0.05625
0 0.30234375 0.728125 0.0328125 0.02890625
0 0.28515625 0.765625 0.028125 0.0265625
0 0.40390625 0.78984375 0.0578125 0.04375
0 0.43125 0.74296875 0.05078125 0.04453125
0 0.43359375 0.61875 0.040625 0.04765625
0 0.340625 0.5765625 0.04140625 0.059375
0 0.29609375 0.553125 0.0390625 0.0484375
0 0.2484375 0.5328125 0.04375 0.053125
0 0.2078125 0.5171875 0.0359375 0.03515625
0 0.15625 0.45625 0.04609375 0.04375
0 0.21953125 0.43515625 0.0421875 0.0421875
0 0.296875 0.42578125 0.0390625 0.0515625
0 0.4078125 0.48125 0.0390625 0.05234375
0 0.4671875 0.5046875 0.0421875 0.05625
0 0.5765625 0.54609375 0.0484375 0.0546875
0 0.6296875 0.53046875 0.0515625 0.0546875
0 0.61875 0.6515625 0.0265625 0.03515625
0 0.66484375 0.6359375 0.046875 0.0515625
0 0.56484375 0.72109375 0.046875 0.0421875
0 0.5203125 0.809375 0.028125 0.02734375
0 0.5265625 0.3828125 0.04375 0.0546875
0 0.7203125 0.36875 0.02890625 0.0359375
0 0.70234375 0.30078125 0.0296875 0.0265625
0 0.80703125 0.2953125 0.0359375 0.025
0 0.7953125 0.26875 0.034375 0.0265625
0 0.7859375 0.2375 0.0375 0.0296875
0 0.915625 0.2171875 0.05859375 0.04765625
0 0.9328125 0.26640625 0.05546875 0.0421875
0 0.95 0.3109375 0.053125 0.04609375
0 0.93046875 0.375 0.059375 0.05234375
0 0.82265625 0.4640625 0.0296875 0.0359375
0 0.778125 0.47890625 0.040625 0.0484375
0 0.728125 0.4953125 0.04375 0.046875
0 0.8234375 0.58046875 0.0453125 0.05
0 0.87421875 0.56328125 0.0453125 0.05
0 0.92890625 0.5453125 0.0421875 0.0453125
0 0.76015625 0.6015625 0.04375 0.05234375
0 0.86171875 0.715625 0.05 0.04453125
0 0.8765625 0.76640625 0.05625 0.04609375
0 0.475 0.9125 0.0453125 0.04453125
0 0.3578125 0.8875 0.05 0.0421875
0 0.25234375 0.8625 0.0234375 0.0203125