0 0.121875 0.0515625 0.0515625 0.04921875
0 0.24921875 0.17109375 0.040625 0.028125
0 0.2640625 0.22421875 0.0375 0.02890625
0 0.3734375 0.15234375 0.06015625 0.05
0 0.39921875 0.2140625 0.04375 0.04609375
0 0.434375 0.3234375 0.0484375 0.046875
0 0.296875 0.3234375 0.03515625 0.02734375
0 0.3140625 0.37265625 0.03515625 0.028125
0 0.45 0.37734375 0.04921875 0.04609375
0 0.46796875 0.434375 0.059375 0.0484375
0 0.4859375 0.4875 0.0484375 0.0453125
0 0.34765625 0.46875 0.0328125 0.025
0 0.3296875 0.4203125 0.0328125 0.028125
0 0.38984375 0.5671875 0.0171875 0.01484375
0 0.3984375 0.61875 0.0328125 0.0265625
0 0.478125 0.66015625 0.046875 0.04921875
0 0.540625 0.65234375 0.06015625 0.046875
0 0.58828125 0.84765625 0.0296875 0.0265625
0 0.4578125 0.8671875 0.0390625 0.02578125
0 0.465625 0.9046875 0.0296875 0.02421875
0 0.478125 0.934375 0.03046875 0.0234375
0 0.62265625 0.940625 0.0375 0.02265625
0 0.63125 0.97265625 0.03046875 0.021875