0 0.08828125 0.2859375 0.0625 0.05703125
0 0.22734375 0.27890625 0.03203125 0.03046875
0 0.2046875 0.334375 0.05859375 0.0515625
0 0.18046875 0.38828125 0.0515625 0.05
0 0.171875 0.4421875 0.03125 0.0296875
0 0.28125 0.446875 0.0609375 0.0515625
0 0.3390625 0.334375 0.06015625 0.0484375
0 0.365625 0.28203125 0.059375 0.0484375
0 0.40625 0.246875 0.0296875 0.0375
0 0.42421875 0.34140625 0.05 0.0671875
0 0.51484375 0.33125 0.0296875 0.03046875
0 0.496875 0.409375 0.0234375 0.02890625
0 0.5296875 0.4234375 0.028125 0.02578125
0 0.43125 0.47109375 0.0296875 0.0265625
0 0.68046875 0.5515625 0.03125 0.0390625
0 0.80546875 0.87890625 0.0484375 0.04375
0 0.90390625 0.88125 0.0375 0.0484375
0 0.71015625 0.96875 0.025 0.03125
0 0.834375 0.2609375 0.021875 0.0296875
0 0.87421875 0.31796875 0.0234375 0.028125
0 0.828125 0.40625 0.02578125 0.02578125
0 0.72578125 0.1703125 0.02421875 0.028125
0 0.8359375 0.15 0.0359375 0.03125
0 0.853125 0.075 0.03671875 0.03125
0 0.72734375 0.0578125 0.0234375 0.02421875
1 0.9046875 0.009375 0.0296875 0.01796875
0 0.5515625 0.271875 0.034375 0.028125