1 0.296875 0.009375 0.0375 0.01875
1 0.36875 0.0109375 0.0421875 0.01953125
1 0.48203125 0.009375 0.0375 0.01875
1 0.85546875 0.0078125 0.0234375 0.015625
1 0.8890625 0.0078125 0.01875 0.015625
1 0.925 0.00625 0.0234375 0.0125
0 0.28984375 0.178125 0.0359375 0.03125
0 0.365625 0.17421875 0.03671875 0.03671875
0 0.446875 0.1765625 0.03671875 0.03515625
0 0.484375 0.175 0.03359375 0.0328125
0 0.52109375 0.175 0.03125 0.0359375
0 0.640625 0.17578125 0.0328125 0.0359375
0 0.6765625 0.17734375 0.034375 0.034375
0 0.7109375 0.175 0.0328125 0.03671875
0 0.790625 0.17734375 0.0296875 0.03359375
0 0.8328125 0.18125 0.0296875 0.03359375
0 0.83671875 0.28125 0.03125 0.0375
0 0.8015625 0.28125 0.0328125 0.03125
0 0.71484375 0.278125 0.03125 0.0359375
0 0.6765625 0.27890625 0.03203125 0.034375
0 0.6390625 0.2921875 0.034375 0.03125
0 0.553125 0.296875 0.034375 0.03515625
0 0.628125 0.3921875 0.0390625 0.03203125
0 0.48046875 0.27734375 0.0328125 0.034375
0 0.44453125 0.278125 0.0296875 0.0328125
0 0.3640625 0.2765625 0.0296875 0.034375
0 0.328125 0.27578125 0.0328125 0.0359375
0 0.2890625 0.27890625 0.0359375 0.0328125
0 0.33046875 0.5046875 0.0421875 0.0375
0 0.17265625 0.5734375 0.03125 0.03046875
0 0.25 0.575 0.0359375 0.0328125
0 0.48125 0.57421875 0.03125 0.034375
0 0.5359375 0.57109375 0.0359375 0.0359375
0 0.68203125 0.575 0.03359375 0.03671875
0 0.765625 0.57578125 0.03203125 0.0359375
0 0.89296875 0.57890625 0.025 0.03203125
0 0.86875 0.7078125 0.025 0.02890625
0 0.98359375 0.7125 0.02578125 0.03046875
0 0.759375 0.709375 0.0359375 0.040625
0 0.7140625 0.70546875 0.034375 0.04375
0 0.46640625 0.7015625 0.0546875 0.05078125
0 0.37265625 0.7046875 0.03515625 0.034375
0 0.33203125 0.70703125 0.03125 0.0375
0 0.28125 0.703125 0.0359375 0.034375
0 0.20625 0.709375 0.0296875 0.0375
0 0.16875 0.70703125 0.0328125 0.0375