0 0.46796875 0.3453125 0.0390625 0.0296875
0 0.3859375 0.421875 0.0390625 0.0359375
0 0.225 0.37265625 0.025 0.021875
0 0.23203125 0.48125 0.0296875 0.0328125
0 0.234375 0.578125 0.0234375 0.025
0 0.46640625 0.525 0.0390625 0.034375
0 0.3828125 0.49609375 0.03984375 0.02890625
0 0.3828125 0.5359375 0.0375 0.0328125
0 0.32734375 0.54609375 0.0265625 0.0375
0 0.465625 0.5703125 0.03828125 0.0296875
0 0.46875 0.628125 0.03828125 0.0328125
0 0.38359375 0.68046875 0.0390625 0.0296875
0 0.4671875 0.703125 0.04296875 0.034375
0 0.46796875 0.74296875 0.0390625 0.0359375
0 0.35078125 0.72265625 0.0390625 0.0296875
0 0.2265625 0.71015625 0.040625 0.0359375
0 0.3859375 0.76875 0.03984375 0.03125
0 0.3828125 0.81328125 0.040625 0.028125
0 0.2296875 0.815625 0.03515625 0.03125
0 0.75234375 0.4109375 0.0359375 0.028125
0 0.71171875 0.4515625 0.0375 0.02890625
0 0.709375 0.4890625 0.03671875 0.03125
0 0.6171875 0.48359375 0.040625 0.028125
0 0.615625 0.553125 0.0328125 0.03125
0 0.71171875 0.5609375 0.0375 0.0265625
0 0.7078125 0.67890625 0.0359375 0.028125
0 0.621875 0.678125 0.0421875 0.03125
0 0.621875 0.71484375 0.04140625 0.0296875
0 0.6203125 0.75078125 0.0375 0.0296875
0 0.621875 0.7875 0.0390625 0.028125
0 0.6203125 0.821875 0.040625 0.0265625
0 0.7015625 0.75078125 0.034375 0.0296875
0 0.70859375 0.821875 0.040625 0.02890625
0 0.8578125 0.3828125 0.03359375 0.02578125
0 0.85625 0.41640625 0.0328125 0.0265625
0 0.81484375 0.4546875 0.028125 0.0265625
0 0.85703125 0.6609375 0.0328125 0.03359375
0 0.859375 0.69296875 0.03203125 0.03125
0 0.8609375 0.72734375 0.0328125 0.03125
0 0.8578125 0.79140625 0.0328125 0.03359375
0 0.2265625 0.90625 0.034375 0.028125
0 0.3828125 0.853125 0.040625 0.03359375
0 0.3859375 0.89140625 0.03828125 0.03125
0 0.4703125 0.815625 0.034375 0.03046875
0 0.47421875 0.85234375 0.0375 0.0296875
0 0.4703125 0.8875 0.03828125 0.03125
0 0.61875 0.85703125 0.0390625 0.02734375
0 0.6265625 0.89296875 0.03984375 0.034375
0 0.70546875 0.890625 0.0375 0.03046875
0 0.77890625 0.971875 0.034375 0.0375
0 0.95 0.3796875 0.03125 0.025
0 0.8703125 0.89375 0.0296875 0.03125
0 0.9421875 0.89921875 0.02890625 0.0296875