0 0.946875 0.39296875 0.05 0.053125
0 0.78359375 0.45859375 0.04609375 0.0453125
0 0.53671875 0.3875 0.03125 0.03671875
0 0.659375 0.4703125 0.034375 0.0265625
0 0.66171875 0.3203125 0.0328125 0.02265625
0 0.65703125 0.5734375 0.05625 0.05
0 0.66171875 0.678125 0.034375 0.0296875
0 0.4796875 0.55 0.0203125 0.015625
0 0.4875 0.6453125 0.02734375 0.02109375
0 0.48671875 0.67734375 0.0234375 0.01796875
0 0.4859375 0.70546875 0.025 0.0203125
0 0.4828125 0.76953125 0.0296875 0.028125
0 0.4765625 0.80234375 0.0328125 0.02734375
0 0.40078125 0.765625 0.0296875 0.028125
0 0.40546875 0.696875 0.025 0.015625
0 0.3484375 0.47578125 0.02578125 0.01875
0 0.234375 0.7921875 0.02734375 0.0265625
0 0.396875 0.39609375 0.0234375 0.02109375
0 0.4875 0.26875 0.02265625 0.01796875
0 0.48203125 0.3140625 0.0234375 0.0203125
0 0.4890625 0.3359375 0.021875 0.0203125
0 0.39453125 0.3265625 0.025 0.0203125
0 0.396875 0.35 0.02421875 0.0203125
0 0.0796875 0.18359375 0.0328125 0.028125
0 0.3046875 0.3984375 0.03125 0.02890625
0 0.10859375 0.76640625 0.0265625 0.0390625
0 0.24765625 0.66328125 0.0296875 0.0296875
0 0.246875 0.696875 0.0328125 0.0234375
0 0.1625 0.69296875 0.03671875 0.0328125
0 0.24375 0.25078125 0.034375 0.0296875
0 0.2546875 0.3125 0.03203125 0.02734375
0 0.25 0.3765625 0.0296875 0.025
0 0.2515625 0.4375 0.0328125 0.025
0 0.253125 0.46875 0.03125 0.028125
0 0.15625 0.315625 0.0375 0.0265625
0 0.1546875 0.4140625 0.0359375 0.0265625
0 0.1578125 0.44375 0.03671875 0.025
1 0.01484375 0.2453125 0.02734375 0.028125
1 0.01328125 0.28125 0.025 0.028125
1 0.0125 0.315625 0.025 0.034375
1 0.015625 0.425 0.03125 0.0328125
1 0.015625 0.46171875 0.03125 0.0265625
1 0.015625 0.4921875 0.03125 0.028125
1 0.0125 0.5453125 0.025 0.03125
1 0.0109375 0.5796875 0.021875 0.03125
1 0.0125 0.61484375 0.025 0.0296875
1 0.0109375 0.65078125 0.021875 0.0328125
1 0.0125 0.7234375 0.025 0.034375
1 0.0140625 0.759375 0.028125 0.0328125