0 0.9484375 0.06171875 0.028125 0.025
0 0.7375 0.15625 0.06875 0.0703125
0 0.6140625 0.0859375 0.0328125 0.0296875
0 0.7046875 0.29453125 0.0703125 0.07109375
0 0.890625 0.31640625 0.03671875 0.0359375
0 0.5984375 0.2125 0.028125 0.0359375
0 0.9078125 0.54140625 0.034375 0.0390625
0 0.87578125 0.4203125 0.0546875 0.06015625
0 0.821875 0.4484375 0.0546875 0.0640625
0 0.55390625 0.4796875 0.0625 0.05625
0 0.328125 0.3546875 0.04609375 0.034375
0 0.359375 0.41015625 0.0546875 0.04375
0 0.421875 0.51640625 0.0546875 0.0515625
0 0.57890625 0.646875 0.03828125 0.03203125
0 0.384375 0.63515625 0.0421875 0.03828125
0 0.46875 0.696875 0.03828125 0.0328125
0 0.484375 0.81484375 0.04453125 0.0359375
0 0.121875 0.64140625 0.05 0.0453125
0 0.2625 0.7390625 0.0546875 0.04609375
0 0.2734375 0.7984375 0.04375 0.03671875
0 0.590625 0.8171875 0.03125 0.02109375
0 0.58671875 0.84609375 0.0296875 0.0203125
0 0.590625 0.871875 0.0296875 0.01640625
0 0.4171875 0.8578125 0.02890625 0.028125