0 0.0421875 0.071875 0.0328125 0.03046875
0 0.2203125 0.18359375 0.0421875 0.04375
0 0.2609375 0.21015625 0.03046875 0.028125
0 0.296875 0.21953125 0.021875 0.028125
0 0.3171875 0.2234375 0.01875 0.01796875
0 0.3328125 0.2421875 0.0203125 0.02109375
0 0.33359375 0.26171875 0.01328125 0.015625
0 0.3171875 0.26796875 0.0203125 0.021875
0 0.3625 0.25546875 0.0203125 0.0234375
0 0.3859375 0.271875 0.0203125 0.0234375
0 0.37421875 0.2953125 0.0203125 0.021875
0 0.41171875 0.284375 0.01796875 0.01953125
0 0.42734375 0.28671875 0.0171875 0.01328125
0 0.40390625 0.303125 0.015625 0.01875
0 0.4328125 0.2984375 0.0203125 0.01953125
0 0.42421875 0.3140625 0.0140625 0.01484375
0 0.4890625 0.334375 0.01875 0.01875
0 0.48125 0.35390625 0.01328125 0.0171875
0 0.50625 0.3421875 0.01875 0.0203125
0 0.5234375 0.35390625 0.01953125 0.021875
0 0.50859375 0.38046875 0.01796875 0.01953125
0 0.646875 0.44609375 0.02890625 0.0265625
0 0.7078125 0.33359375 0.0296875 0.025
0 0.73984375 0.2765625 0.03125 0.025
1 0.00625 0.0421875 0.0109375 0.025
1 0.98671875 0.30078125 0.0265625 0.04375
0 0.96796875 0.3484375 0.04375 0.04140625
0 0.93359375 0.40625 0.0421875 0.04140625
0 0.7609375 0.521875 0.05703125 0.05078125