0 0.9578125 0.44140625 0.07265625 0.084375
0 0.8890625 0.40234375 0.040625 0.046875
0 0.74375 0.34375 0.06015625 0.065625
0 0.68828125 0.3171875 0.0421875 0.04375
0 0.7125 0.41484375 0.04296875 0.0390625
0 0.76171875 0.52265625 0.06015625 0.0515625
0 0.709375 0.4921875 0.0640625 0.07265625
0 0.703125 0.63671875 0.0375 0.04375
0 0.64375 0.6265625 0.0578125 0.065625
0 0.578125 0.5921875 0.06875 0.0703125
0 0.3609375 0.43515625 0.03828125 0.0390625
0 0.3046875 0.40078125 0.0515625 0.04140625
0 0.2515625 0.42890625 0.0484375 0.0375
0 0.21796875 0.4765625 0.040625 0.03046875
0 0.371875 0.5078125 0.0734375 0.0671875
0 0.33984375 0.58125 0.075 0.0640625
0 0.46484375 0.6375 0.075 0.0671875
0 0.446875 0.71328125 0.07421875 0.0609375
0 0.31484375 0.6453125 0.040625 0.03671875
0 0.2859375 0.7 0.07109375 0.0671875
0 0.28203125 0.775 0.0796875 0.06796875
0 0.2484375 0.88125 0.084375 0.0859375
0 0.20078125 0.5390625 0.0703125 0.0625
0 0.146875 0.6484375 0.0765625 0.06796875
0 0.05546875 0.6046875 0.0515625 0.0390625
0 0.03046875 0.659375 0.04296875 0.0375
0 0.12265625 0.7 0.04921875 0.0375
0 0.103125 0.7640625 0.084375 0.0703125
0 0.07265625 0.83125 0.0765625 0.065625
1 0.01484375 0.70546875 0.0296875 0.0640625