0 0.2359375 0.11875 0.03203125 0.028125
0 0.24921875 0.1703125 0.03125 0.0234375
0 0.2671875 0.21875 0.0453125 0.03359375
0 0.3140625 0.37109375 0.04609375 0.03671875
0 0.3296875 0.41875 0.03515625 0.0296875
0 0.34765625 0.46875 0.028125 0.0234375
0 0.390625 0.61796875 0.0390625 0.028125
0 0.41171875 0.66875 0.03359375 0.02734375
0 0.425 0.7171875 0.040625 0.02578125
0 0.5421875 0.65 0.034375 0.028125
0 0.521875 0.59296875 0.04765625 0.04140625
0 0.49375 0.48671875 0.034375 0.0265625
0 0.45078125 0.3765625 0.0453125 0.040625
0 0.43359375 0.325 0.0515625 0.0453125
0 0.42265625 0.26484375 0.028125 0.021875
0 0.3953125 0.21171875 0.05234375 0.0390625
0 0.50859375 0.0515625 0.0296875 0.03125
1 0.66328125 0.01015625 0.03515625 0.0203125