0 0.91015625 0.84296875 0.01640625 0.02578125
0 0.97265625 0.803125 0.025 0.0265625
0 0.8828125 0.80078125 0.025 0.021875
0 0.8203125 0.88203125 0.028125 0.0328125
0 0.75859375 0.91640625 0.0171875 0.025
0 0.72578125 0.9234375 0.01796875 0.0234375
0 0.640625 0.92734375 0.01953125 0.02265625
0 0.90390625 0.7390625 0.02578125 0.025
0 0.915625 0.70625 0.0328125 0.02578125
0 0.90546875 0.5453125 0.0234375 0.0203125
0 0.91328125 0.58125 0.028125 0.0234375
0 0.9765625 0.4859375 0.02578125 0.01875
0 0.95546875 0.4578125 0.025 0.0203125
0 0.9203125 0.29453125 0.0265625 0.028125
0 0.9265625 0.04921875 0.0328125 0.025
0 0.93984375 0.0171875 0.03359375 0.02421875
0 0.946875 0.08125 0.034375 0.03046875
0 0.9203125 0.10625 0.0359375 0.025
0 0.8984375 0.17421875 0.034375 0.03125
0 0.85703125 0.2265625 0.0296875 0.02578125
0 0.83203125 0.25546875 0.03203125 0.0234375
0 0.8140625 0.28359375 0.02734375 0.0296875
0 0.78125 0.2859375 0.025 0.028125
0 0.74765625 0.29140625 0.02265625 0.03203125
0 0.71484375 0.2921875 0.025 0.025
0 0.6796875 0.315625 0.0296875 0.0328125
0 0.64921875 0.29453125 0.028125 0.0296875
0 0.4140625 0.24375 0.02421875 0.0265625
0 0.340625 0.253125 0.0515625 0.0609375
0 0.290625 0.2515625 0.0234375 0.0265625
0 0.1390625 0.18671875 0.0390625 0.03125
0 0.1390625 0.15078125 0.0296875 0.025
0 0.14375 0.115625 0.0359375 0.028125
0 0.06875 0.1125 0.02578125 0.028125
0 0.14140625 0.0296875 0.0375 0.028125