1 0.9859375 0.6453125 0.0265625 0.04765625
0 0.93046875 0.59921875 0.053125 0.0515625
0 0.9203125 0.4125 0.0546875 0.05234375
0 0.95546875 0.35546875 0.0515625 0.0515625
1 0.98046875 0.30234375 0.03828125 0.046875
0 0.64921875 0.45859375 0.053125 0.053125
0 0.69921875 0.3328125 0.028125 0.0234375
0 0.75 0.24921875 0.02890625 0.0234375
0 0.659375 0.234375 0.028125 0.025
0 0.5484375 0.396875 0.05078125 0.053125
0 0.5 0.3828125 0.015625 0.021875
0 0.5046875 0.36171875 0.0109375 0.0125
0 0.51875 0.34921875 0.01328125 0.0140625
0 0.5046875 0.34453125 0.01328125 0.0140625
0 0.4875 0.3359375 0.01796875 0.021875
0 0.475 0.35625 0.01796875 0.02265625
0 0.42578125 0.2859375 0.0109375 0.0125
0 0.4140625 0.29609375 0.01328125 0.015625
0 0.4296875 0.296875 0.0140625 0.015625
0 0.4203125 0.31484375 0.01171875 0.01328125
0 0.40546875 0.31328125 0.0140625 0.01875
0 0.37578125 0.27890625 0.025 0.0296875
0 0.3515625 0.259375 0.0203125 0.02109375
0 0.3203125 0.25703125 0.0140625 0.015625
0 0.3078125 0.225 0.0171875 0.021875
0 0.2921875 0.225 0.01328125 0.0171875
0 0.2921875 0.209375 0.01328125 0.0171875
0 0.2796875 0.23203125 0.01328125 0.01484375
0 0.2546875 0.21015625 0.02421875 0.028125
0 0.17109375 0.1546875 0.02421875 0.03125
0 0.12109375 0.1328125 0.04375 0.053125