0 0.928125 0.93203125 0.0375 0.0265625
0 0.90546875 0.91484375 0.025 0.0234375
0 0.88828125 0.884375 0.03359375 0.02109375
0 0.86953125 0.8609375 0.0359375 0.02421875
0 0.8421875 0.84140625 0.025 0.028125
0 0.8203125 0.821875 0.0265625 0.0328125
0 0.796875 0.796875 0.028125 0.03359375
0 0.7640625 0.7875 0.02421875 0.0328125
0 0.73125 0.784375 0.0265625 0.028125
0 0.690625 0.778125 0.02578125 0.034375
0 0.8484375 0.759375 0.03125 0.0265625
0 0.6484375 0.68203125 0.0296875 0.0296875
0 0.6859375 0.68671875 0.02734375 0.0328125
0 0.715625 0.67578125 0.02734375 0.028125
0 0.753125 0.678125 0.0265625 0.0296875
0 0.7890625 0.6765625 0.025 0.0265625
0 0.82734375 0.6609375 0.03125 0.0375
0 0.85625 0.63828125 0.0234375 0.028125
0 0.9578125 0.65625 0.0265625 0.034375
0 0.9765625 0.62734375 0.028125 0.0265625
0 0.88671875 0.57421875 0.03046875 0.021875
0 0.9015625 0.540625 0.0359375 0.028125
0 0.928125 0.390625 0.05 0.0375
0 0.9265625 0.353125 0.0359375 0.0265625
0 0.9140625 0.321875 0.034375 0.02421875
0 0.9234375 0.28125 0.0328125 0.02734375
0 0.8890625 0.26484375 0.0296875 0.0265625
0 0.86875 0.240625 0.02890625 0.0296875
0 0.840625 0.2140625 0.0296875 0.02734375
0 0.815625 0.18828125 0.028125 0.0328125
0 0.78203125 0.175 0.0359375 0.0390625
0 0.740625 0.17734375 0.028125 0.03125
0 0.71015625 0.17734375 0.0234375 0.0265625
0 0.6859375 0.11875 0.03515625 0.0265625
0 0.6484375 0.14765625 0.0296875 0.0296875
0 0.3984375 0.825 0.02578125 0.03046875
0 0.36875 0.8171875 0.028125 0.03125
0 0.334375 0.825 0.0265625 0.03125
0 0.29609375 0.8171875 0.025 0.03125
0 0.2546875 0.821875 0.028125 0.03359375
0 0.2125 0.81796875 0.04921875 0.0515625
0 0.171875 0.82109375 0.025 0.03046875
0 0.1328125 0.8125 0.0421875 0.04765625
0 0.0765625 0.58359375 0.02890625 0.01875
0 0.0875 0.6109375 0.028125 0.01875
0 0.1 0.6359375 0.025 0.02109375
0 0.125 0.65390625 0.02109375 0.025
0 0.38671875 0.75546875 0.03125 0.01875
0 0.378125 0.73203125 0.02578125 0.01953125
0 0.3921875 0.70625 0.025 0.01875
0 0.35546875 0.66640625 0.0234375 0.0265625
0 0.32578125 0.6609375 0.021875 0.025
0 0.3 0.6625 0.0203125 0.02578125
0 0.27578125 0.66015625 0.01875 0.0203125
0 0.2125 0.61015625 0.021875 0.0203125
0 0.23359375 0.6265625 0.0234375 0.01875
0 0.25703125 0.6390625 0.021875 0.0234375
0 0.14765625 0.4765625 0.0296875 0.0203125
0 0.13515625 0.453125 0.028125 0.01875
0 0.13125 0.4265625 0.028125 0.0203125
0 0.1421875 0.403125 0.0296875 0.01875
0 0.13515625 0.37421875 0.028125 0.021875
0 0.0671875 0.35703125 0.0265625 0.01875
0 0.153125 0.353125 0.03203125 0.0203125
0 0.159375 0.33203125 0.0328125 0.0171875
0 0.159375 0.309375 0.0265625 0.025
0 0.17421875 0.28984375 0.02265625 0.02265625
0 0.18671875 0.2671875 0.028125 0.01875
0 0.1921875 0.2390625 0.025 0.01640625
0 0.22421875 0.203125 0.0203125 0.028125
0 0.2484375 0.1921875 0.02109375 0.025
0 0.2671875 0.1796875 0.021875 0.0265625
0 0.2890625 0.1703125 0.0171875 0.0265625
0 0.31640625 0.1625 0.0171875 0.02734375
0 0.34453125 0.15703125 0.01875 0.0265625
0 0.396875 0.153125 0.01875 0.02578125
0 0.4234375 0.146875 0.0171875 0.02421875
0 0.37421875 0.1171875 0.0234375 0.02265625
0 0.21640625 0.0984375 0.0171875 0.0234375
0 0.20234375 0.17578125 0.015625 0.02734375
0 0.18203125 0.175 0.0171875 0.025
0 0.1625 0.17265625 0.01640625 0.025
0 0.14296875 0.1703125 0.015625 0.02421875
0 0.1203125 0.171875 0.01796875 0.02109375
0 0.1109375 0.190625 0.0265625 0.0171875
0 0.1046875 0.2109375 0.021875 0.015625
0 0.12109375 0.23046875 0.0203125 0.01875
0 0.15 0.234375 0.0234375 0.015625