0 0.5375 0.084375 0.03203125 0.0265625
0 0.4953125 0.19609375 0.02734375 0.0328125
0 0.68203125 0.20546875 0.0296875 0.01875
0 0.28046875 0.209375 0.01875 0.02265625
0 0.234375 0.515625 0.034375 0.025
0 0.2390625 0.55 0.03125 0.0265625
0 0.23125 0.6375 0.034375 0.02578125
0 0.2296875 0.675 0.03671875 0.02890625
0 0.3328125 0.65390625 0.0203125 0.025
0 0.2359375 0.784375 0.03671875 0.02578125
0 0.23515625 0.81953125 0.034375 0.025
0 0.23359375 0.8640625 0.0359375 0.0265625
0 0.2359375 0.9078125 0.03515625 0.02578125
0 0.3328125 0.7515625 0.03125 0.0390625
0 0.33046875 0.875 0.03828125 0.046875
0 0.38828125 0.81484375 0.0375 0.028125
0 0.38671875 0.85546875 0.0375 0.03125
0 0.38359375 0.46171875 0.0390625 0.0328125
0 0.4703125 0.3484375 0.03515625 0.0265625
0 0.46875 0.41171875 0.0390625 0.03125
0 0.47578125 0.63125 0.0328125 0.0265625
0 0.47109375 0.74453125 0.0390625 0.0296875
0 0.525 0.8 0.02890625 0.0390625
0 0.5234375 0.88046875 0.03125 0.0375
0 0.56796875 0.4015625 0.0265625 0.03203125
0 0.6203125 0.4859375 0.03828125 0.025
0 0.6171875 0.55625 0.034375 0.03046875
0 0.625 0.78828125 0.0421875 0.025
0 0.62265625 0.8609375 0.04140625 0.0265625
0 0.62265625 0.8984375 0.04140625 0.02578125
0 0.71171875 0.41796875 0.0390625 0.02734375
0 0.71171875 0.52578125 0.0390625 0.028125
0 0.715625 0.5625 0.03671875 0.02421875
0 0.7640625 0.5734375 0.028125 0.028125
0 0.709375 0.68046875 0.0359375 0.0234375
0 0.70859375 0.71796875 0.03671875 0.025
0 0.70546875 0.753125 0.03828125 0.025
0 0.70859375 0.7890625 0.03671875 0.025
0 0.7109375 0.82578125 0.03671875 0.0265625
0 0.71171875 0.86171875 0.0390625 0.0234375
0 0.71328125 0.8953125 0.0328125 0.025
0 0.7640625 0.9125 0.02578125 0.03984375
0 0.859375 0.44921875 0.0359375 0.02265625
0 0.9578125 0.4125 0.03125 0.02734375
0 0.8609375 0.546875 0.03359375 0.021875
0 0.86171875 0.69765625 0.03046875 0.0265625
0 0.86171875 0.76171875 0.03125 0.025
0 0.865625 0.8625 0.03046875 0.02578125
0 0.875 0.8953125 0.0328125 0.028125
0 0.0984375 0.97421875 0.03828125 0.025
0 0.23125 0.3734375 0.0203125 0.015625