0 0.9 0.1734375 0.0421875 0.0484375
0 0.828125 0.1375 0.05625 0.06484375
0 0.7328125 0.40390625 0.0328125 0.03125
0 0.70234375 0.0359375 0.053125 0.059375
0 0.65234375 0.040625 0.0515625 0.0609375
1 0.6328125 0.01328125 0.04765625 0.0265625
0 0.72734375 0.509375 0.0265625 0.0328125
0 0.7765625 0.5671875 0.0484375 0.0578125
0 0.0796875 0.5703125 0.059375 0.04609375
0 0.234375 0.75625 0.046875 0.05703125
0 0.29296875 0.78671875 0.05546875 0.05859375
0 0.128125 0.6875 0.05703125 0.05625
0 0.0578125 0.6453125 0.04453125 0.0515625
0 0.2 0.915625 0.0453125 0.05546875
0 0.25546875 0.9484375 0.04453125 0.053125
0 0.025 0.81171875 0.05 0.0640625