0 0.89609375 0.165625 0.053125 0.04765625
0 0.928125 0.26328125 0.059375 0.05
0 0.9484375 0.3125 0.05 0.046875
0 0.78515625 0.23671875 0.034375 0.03125
0 0.7921875 0.265625 0.034375 0.0265625
0 0.81796875 0.328125 0.0328125 0.0265625
0 0.7796875 0.3453125 0.02890625 0.02890625
0 0.70078125 0.30234375 0.0328125 0.028125
0 0.71015625 0.33125 0.0328125 0.025
0 0.71953125 0.365625 0.028125 0.0296875
0 0.9140625 0.4265625 0.03203125 0.0359375
0 0.925 0.5453125 0.04375 0.0484375
0 0.87109375 0.45078125 0.0296875 0.0296875
0 0.82265625 0.4671875 0.0296875 0.03203125
0 0.871875 0.5640625 0.046875 0.046875
0 0.825 0.58125 0.046875 0.0484375
0 0.71171875 0.61875 0.04765625 0.0453125
0 0.61875 0.65 0.0296875 0.03046875
0 0.77421875 0.47421875 0.05 0.059375
0 0.72578125 0.49609375 0.0328125 0.0375
0 0.675 0.5109375 0.0515625 0.05625
0 0.6234375 0.53671875 0.0328125 0.0390625
0 0.58046875 0.54765625 0.046875 0.05
0 0.35625 0.44765625 0.0484375 0.0609375
0 0.40703125 0.4828125 0.0421875 0.05234375
0 0.20234375 0.51484375 0.0453125 0.04296875
0 0.2921875 0.55625 0.04375 0.05625
0 0.34140625 0.57578125 0.0390625 0.0453125
0 0.31953125 0.696875 0.03125 0.0265625
0 0.265625 0.8 0.03515625 0.0234375
0 0.2515625 0.86015625 0.025 0.0203125
0 0.45234375 0.690625 0.0546875 0.05
0 0.42734375 0.7421875 0.0515625 0.04453125
0 0.38125 0.83984375 0.0515625 0.04375
0 0.35625 0.896875 0.03671875 0.02734375
0 0.3359375 0.934375 0.0484375 0.04453125
0 0.590625 0.95625 0.0515625 0.046875
0 0.7390625 0.76875 0.0328125 0.0296875
0 0.7546875 0.8140625 0.0453125 0.04296875
0 0.6890625 0.76953125 0.028125 0.03125
0 0.68828125 0.8140625 0.0328125 0.0296875
0 0.540625 0.76953125 0.05 0.04375
0 0.534375 0.82578125 0.05390625 0.04296875
0 0.4734375 0.90625 0.03125 0.02265625
0 0.84765625 0.27890625 0.0296875 0.0359375
0 0.20390625 0.515625 0.04140625 0.040625
0 0.35703125 0.45 0.046875 0.059375
0 0.4078125 0.48203125 0.03984375 0.05
0 0.29296875 0.55703125 0.0421875 0.05078125
0 0.3421875 0.57734375 0.03828125 0.04453125
0 0.31875 0.6953125 0.0296875 0.025
0 0.26796875 0.8015625 0.02890625 0.025
0 0.25234375 0.8609375 0.021875 0.01875
0 0.38125 0.83984375 0.046875 0.0421875
0 0.35859375 0.89765625 0.028125 0.025
0 0.3359375 0.9359375 0.04453125 0.040625
0 0.47421875 0.9078125 0.02734375 0.0234375
0 0.534375 0.8265625 0.05234375 0.0421875
0 0.5421875 0.7703125 0.046875 0.0421875
0 0.59140625 0.9578125 0.0484375 0.04296875
0 0.6890625 0.815625 0.03125 0.02578125
0 0.68984375 0.77109375 0.0265625 0.028125
0 0.75546875 0.815625 0.04296875 0.040625
0 0.61875 0.6515625 0.025 0.02890625
0 0.625 0.534375 0.02578125 0.03125
0 0.67578125 0.5109375 0.0453125 0.05546875
0 0.85 0.278125 0.028125 0.03515625
0 0.82265625 0.46796875 0.025 0.03203125
0 0.871875 0.4515625 0.025 0.02890625
0 0.91328125 0.4265625 0.028125 0.0328125
0 0.8734375 0.56484375 0.0421875 0.04375
0 0.82421875 0.58125 0.0421875 0.046875
0 0.71171875 0.6203125 0.0421875 0.0453125
0 0.9265625 0.5484375 0.04140625 0.0453125
0 0.9296875 0.26484375 0.05546875 0.04375
0 0.94921875 0.31328125 0.0484375 0.0421875
0 0.896875 0.16796875 0.05 0.0421875
0 0.703125 0.303125 0.03203125 0.02578125
0 0.71171875 0.33203125 0.03046875 0.02265625
0 0.7203125 0.3671875 0.025 0.02734375
0 0.78125 0.346875 0.02578125 0.028125
0 0.81875 0.328125 0.0265625 0.02578125
0 0.79375 0.2671875 0.0296875 0.0234375
0 0.78515625 0.2390625 0.0296875 0.02578125
0 0.7765625 0.4765625 0.04609375 0.05625
0 0.725 0.496875 0.02578125 0.03515625
0 0.5796875 0.54765625 0.0421875 0.05
0 0.42890625 0.74296875 0.04609375 0.0421875
0 0.45234375 0.6921875 0.0515625 0.0453125
0 0.73828125 0.76953125 0.0296875 0.0265625
0 0.0515625 0.715625 0.01484375 0.0140625
0 0.85 0.278125 0.021875 0.03203125