0 0.03828125 0.16484375 0.07578125 0.071875
0 0.03515625 0.26875 0.0703125 0.06796875
0 0.03359375 0.38125 0.0671875 0.06484375
0 0.03046875 0.475 0.0609375 0.06640625
0 0.03984375 0.56875 0.0796875 0.06875
0 0.03671875 0.6515625 0.0734375 0.06875
0 0.03359375 0.73125 0.0671875 0.0671875
0 0.028125 0.809375 0.040625 0.0390625
0 0.40859375 0.1640625 0.0703125 0.0640625
0 0.409375 0.2578125 0.07265625 0.0671875
0 0.23828125 0.259375 0.08125 0.06875
0 0.24375 0.3703125 0.0703125 0.0671875
0 0.41640625 0.365625 0.0796875 0.0703125
0 0.41015625 0.4609375 0.075 0.0734375
0 0.24375 0.48515625 0.07109375 0.0640625
0 0.41171875 0.565625 0.071875 0.0671875
0 0.2375 0.57109375 0.0640625 0.0640625
0 0.24140625 0.6484375 0.06875 0.06640625
0 0.240625 0.728125 0.0484375 0.0390625
0 0.415625 0.65078125 0.071875 0.06875
0 0.41328125 0.80390625 0.0578125 0.053125
0 0.615625 0.384375 0.06953125 0.0640625
0 0.77734375 0.5640625 0.0671875 0.0625
0 0.6234375 0.7 0.0796875 0.0875
0 0.78125 0.7234375 0.078125 0.071875
0 0.78046875 0.8265625 0.0671875 0.0796875
0 0.7015625 0.82421875 0.06875 0.0703125
0 0.0375 0.1640625 0.075 0.071875
1 0.03359375 0.26796875 0.0671875 0.0703125
0 0.0328125 0.3796875 0.065625 0.0671875
0 0.02890625 0.4734375 0.0578125 0.065625
0 0.0375 0.5671875 0.075 0.0703125
0 0.0375 0.6515625 0.075 0.0703125
0 0.03359375 0.73046875 0.0671875 0.065625
0 0.028125 0.80859375 0.04296875 0.03984375
0 0.240625 0.72578125 0.05 0.0390625
0 0.4125 0.80546875 0.059375 0.053125
0 0.23984375 0.6484375 0.071875 0.065625
0 0.415625 0.65078125 0.071875 0.065625
0 0.2390625 0.56953125 0.065625 0.0640625
0 0.4109375 0.56484375 0.071875 0.0671875
0 0.24296875 0.48359375 0.0703125 0.065625
0 0.4109375 0.46015625 0.078125 0.06875
0 0.24375 0.3703125 0.0703125 0.0625
0 0.41640625 0.3671875 0.0796875 0.06953125
0 0.2359375 0.25859375 0.0828125 0.0703125
0 0.4109375 0.259375 0.0734375 0.0671875
0 0.41015625 0.16484375 0.071875 0.06640625
0 0.61484375 0.384375 0.06953125 0.06796875
0 0.778125 0.56484375 0.06953125 0.06328125
0 0.621875 0.70078125 0.0796875 0.0859375
0 0.78203125 0.72265625 0.0765625 0.0703125
0 0.7 0.82421875 0.0703125 0.0734375
0 0.7796875 0.82734375 0.06875 0.078125