0 0.36796875 0.26953125 0.040625 0.040625
0 0.24453125 0.25 0.0484375 0.040625
0 0.23203125 0.2984375 0.0546875 0.0421875
0 0.33984375 0.36640625 0.05078125 0.0453125
0 0.2 0.4171875 0.0421875 0.053125
0 0.2828125 0.43828125 0.0234375 0.02890625
0 0.171875 0.53125 0.040625 0.04765625
0 0.25703125 0.546875 0.021875 0.0296875
0 0.2828125 0.60625 0.0296875 0.0234375
0 0.14375 0.6484375 0.053125 0.0578125
0 0.2734375 0.653125 0.04609375 0.0421875
0 0.48828125 0.6078125 0.0375 0.04375
0 0.58046875 0.63046875 0.0234375 0.028125
0 0.69296875 0.6609375 0.040625 0.053125
0 0.6421875 0.65 0.0421875 0.05625
0 0.8109375 0.73984375 0.04921875 0.0484375
0 0.73203125 0.83984375 0.040625 0.0421875
0 0.53984375 0.684375 0.04375 0.0421875
0 0.53515625 0.72890625 0.0328125 0.0296875
0 0.365625 0.73515625 0.04609375 0.04375
0 0.25859375 0.703125 0.0265625 0.0234375
0 0.2453125 0.753125 0.0515625 0.04375
0 0.2375 0.803125 0.0421875 0.034375
0 0.340625 0.834375 0.04375 0.04296875
0 0.5109375 0.82265625 0.04921875 0.04453125
0 0.60390625 0.903125 0.04921875 0.0484375
0 0.921875 0.771875 0.04140625 0.040625
0 0.971875 0.7296875 0.02734375 0.02890625
0 0.9078125 0.8234375 0.04140625 0.03984375
0 0.896875 0.871875 0.0484375 0.04453125
0 0.884375 0.9234375 0.053125 0.04375
0 0.759375 0.940625 0.0515625 0.0453125
0 0.7859375 0.68828125 0.01875 0.0234375
0 0.9796875 0.5375 0.0234375 0.02265625
1 0.98359375 0.9734375 0.0296875 0.053125