0 0.32734375 0.13515625 0.0421875 0.0515625
0 0.5328125 0.1671875 0.053125 0.05625
0 0.3765625 0.31484375 0.05 0.0453125
0 0.3234375 0.40546875 0.05234375 0.0421875
0 0.2953125 0.4484375 0.05 0.04140625
0 0.41171875 0.50546875 0.02421875 0.028125
0 0.478125 0.5359375 0.02265625 0.02578125
0 0.509375 0.5703125 0.021875 0.025
0 0.5484375 0.56328125 0.021875 0.0265625
0 0.56640625 0.6046875 0.021875 0.025
0 0.659375 0.58125 0.02265625 0.02890625
0 0.6609375 0.634375 0.02109375 0.025
0 0.746875 0.69375 0.03046875 0.0375
0 0.8359375 0.75078125 0.0234375 0.02890625
0 0.88203125 0.775 0.0234375 0.0296875
0 0.35625 0.584375 0.0453125 0.040625
0 0.33515625 0.6234375 0.028125 0.025
0 0.92421875 0.85234375 0.0296875 0.025
0 0.896875 0.896875 0.03125 0.025
0 0.8703125 0.94375 0.05 0.040625
0 0.55546875 0.025 0.02265625 0.0296875
0 0.58359375 0.04140625 0.02265625 0.028125
0 0.6296875 0.06640625 0.01328125 0.015625
1 0.99140625 0.86484375 0.0171875 0.034375