0 0.2796875 0.215625 0.07890625 0.075
0 0.3625 0.1859375 0.075 0.08203125
0 0.44765625 0.15625 0.07109375 0.08125
0 0.528125 0.12421875 0.0578125 0.07421875
0 0.61171875 0.09375 0.06875 0.08203125
0 0.68515625 0.0671875 0.0609375 0.0671875
0 0.7546875 0.03984375 0.0609375 0.071875
0 0.5484375 0.3078125 0.04296875 0.0515625
0 0.484375 0.4 0.04453125 0.0359375
0 0.16171875 0.58671875 0.0734375 0.0703125
1 0.01875 0.653125 0.0359375 0.0578125
0 0.04375 0.85859375 0.03671875 0.040625
0 0.0921875 0.85390625 0.03046875 0.0390625
0 0.1953125 0.8078125 0.0328125 0.0421875
0 0.24296875 0.79296875 0.040625 0.0359375
0 0.20625 0.91796875 0.046875 0.03984375
0 0.4453125 0.49296875 0.03203125 0.04296875
0 0.484375 0.47578125 0.0375 0.046875
0 0.525 0.46796875 0.03671875 0.0421875
0 0.6484375 0.3125 0.03515625 0.0546875
0 0.63046875 0.4171875 0.0375 0.053125
0 0.67578125 0.4046875 0.0390625 0.04296875
0 0.7453125 0.3359375 0.0515625 0.040625
0 0.765625 0.2796875 0.0734375 0.06953125
0 0.7953125 0.2109375 0.06640625 0.0640625
0 0.8296875 0.16015625 0.05078125 0.0390625
0 0.859375 0.103125 0.05078125 0.0390625
0 0.9453125 0.1484375 0.075 0.0640625
0 0.92421875 0.203125 0.0484375 0.0375
0 0.90234375 0.2640625 0.0890625 0.06796875
0 0.86953125 0.3296875 0.078125 0.0671875
1 0.98359375 0.03984375 0.03125 0.0578125
0 0.565625 0.44609375 0.0359375 0.04921875