1 0.73515625 0.00703125 0.025 0.0125
1 0.69140625 0.00859375 0.0203125 0.0171875
0 0.70859375 0.17578125 0.034375 0.0359375
0 0.55390625 0.17265625 0.034375 0.040625
0 0.4828125 0.17265625 0.03359375 0.034375
0 0.3640625 0.171875 0.03125 0.03828125
0 0.3265625 0.1734375 0.03515625 0.03671875
0 0.71328125 0.27734375 0.0328125 0.0375
0 0.6375 0.2921875 0.03125 0.03046875
0 0.553125 0.29296875 0.03046875 0.0359375
0 0.515625 0.2734375 0.0328125 0.03828125
0 0.4796875 0.275 0.028125 0.0359375
0 0.1734375 0.5671875 0.03125 0.040625
0 0.20703125 0.56796875 0.03125 0.04375
0 0.53515625 0.571875 0.03125 0.0390625
0 0.48203125 0.5734375 0.0296875 0.0390625
0 0.4453125 0.57265625 0.03203125 0.0359375
0 0.4015625 0.571875 0.03046875 0.040625
0 0.3640625 0.57109375 0.03046875 0.040625
0 0.3265625 0.5703125 0.034375 0.04375
0 0.29140625 0.56640625 0.03046875 0.04375
0 0.25234375 0.5703125 0.0328125 0.04375
0 0.9828125 0.57421875 0.0171875 0.0296875
0 0.95859375 0.5734375 0.015625 0.02578125
0 0.92734375 0.5765625 0.028125 0.040625
0 0.89375 0.57578125 0.02890625 0.03828125
0 0.840625 0.57578125 0.0296875 0.034375
0 0.803125 0.575 0.0296875 0.0375
0 0.765625 0.57578125 0.03515625 0.03828125
0 0.71875 0.5734375 0.03125 0.040625
0 0.684375 0.57265625 0.03359375 0.0453125
0 0.646875 0.5734375 0.03671875 0.04765625
0 0.9859375 0.7109375 0.0203125 0.02421875
0 0.95703125 0.71171875 0.0203125 0.028125
0 0.928125 0.7109375 0.02421875 0.02734375
0 0.896875 0.709375 0.0234375 0.025
0 0.946875 0.909375 0.0390625 0.021875
0 0.840625 0.7109375 0.02890625 0.0359375
0 0.80546875 0.71171875 0.028125 0.04140625
0 0.75859375 0.7125 0.03515625 0.04765625
0 0.7140625 0.703125 0.0328125 0.0484375
0 0.6578125 0.7046875 0.05546875 0.05546875
0 0.465625 0.69765625 0.053125 0.05625
0 0.62890625 0.76796875 0.0421875 0.03359375
0 0.52421875 0.7703125 0.0390625 0.0484375
0 0.40625 0.70625 0.03125 0.040625
0 0.33046875 0.70546875 0.0296875 0.0375
0 0.2796875 0.70078125 0.03046875 0.0359375
0 0.2421875 0.70078125 0.03359375 0.034375
0 0.20625 0.70234375 0.0328125 0.0375
0 0.17265625 0.7046875 0.034375 0.0328125
0 0.75078125 0.45546875 0.028125 0.0203125