0 0.9140625 0.19765625 0.0390625 0.040625
0 0.8203125 0.21875 0.0375 0.04296875
0 0.39765625 0.046875 0.034375 0.0359375
0 0.309375 0.13984375 0.0515625 0.0484375
0 0.2890625 0.1828125 0.0234375 0.021875
0 0.3046875 0.3296875 0.028125 0.0234375
0 0.71875 0.2640625 0.01953125 0.0203125
0 0.7859375 0.31953125 0.0234375 0.0265625
0 0.2546875 0.42109375 0.0484375 0.0390625
0 0.23515625 0.46484375 0.0484375 0.03984375
0 0.221875 0.5109375 0.02578125 0.0234375
0 0.1125 0.5984375 0.02734375 0.021875
0 0.7390625 0.47265625 0.02734375 0.021875
0 0.82578125 0.44296875 0.025 0.021875
0 0.8453125 0.46328125 0.0265625 0.02109375
0 0.74140625 0.5234375 0.028125 0.025
0 0.8828125 0.546875 0.03828125 0.04375
0 0.56953125 0.5875 0.025 0.0203125
0 0.253125 0.65 0.03515625 0.0421875
0 0.175 0.6875 0.02265625 0.0296875
0 0.11171875 0.64296875 0.028125 0.021875
0 0.475 0.83515625 0.04296875 0.0375
0 0.60390625 0.87109375 0.0421875 0.0359375
0 0.584375 0.915625 0.04375 0.0359375
0 0.18515625 0.81171875 0.0265625 0.0234375
0 0.965625 0.03125 0.02109375 0.0234375