0 0.26171875 0.23359375 0.0359375 0.034375
0 0.2375 0.2828125 0.0546875 0.046875
0 0.2109375 0.33359375 0.05546875 0.0515625
0 0.36875 0.2640625 0.03046875 0.0265625
0 0.36796875 0.3 0.0296875 0.0296875
0 0.3125 0.38671875 0.0609375 0.053125
0 0.1828125 0.3859375 0.0609375 0.05234375
0 0.28125 0.4453125 0.0515625 0.046875
0 0.20625 0.46953125 0.0296875 0.03125
0 0.371875 0.5453125 0.03125 0.03203125
0 0.53515625 0.41875 0.0296875 0.03125
0 0.615625 0.6375 0.0296875 0.0359375
0 0.759375 0.5015625 0.05078125 0.05
0 0.7625 0.403125 0.03125 0.0375
0 0.85625 0.2265625 0.0296875 0.034375
0 0.68125 0.68515625 0.0265625 0.034375
0 0.76015625 0.7515625 0.03125 0.034375
0 0.81875 0.87109375 0.025 0.021875
0 0.89609375 0.8953125 0.03125 0.0390625
0 0.73125 0.05234375 0.03046875 0.03125
0 0.76484375 0.07578125 0.02265625 0.0296875
0 0.80078125 0.09453125 0.028125 0.034375
0 0.83984375 0.14609375 0.0359375 0.03125
0 0.684375 0.15 0.03046875 0.0390625
0 0.725 0.16953125 0.0375 0.04765625
0 0.7609375 0.1875 0.025 0.03125
0 0.7265625 0.28984375 0.0328125 0.03515625
0 0.73515625 0.32734375 0.0296875 0.0265625
0 0.725 0.35859375 0.02890625 0.0328125
0 0.696875 0.3828125 0.025 0.03046875
0 0.92109375 0.1046875 0.0140625 0.0140625