0 0.25546875 0.17578125 0.03515625 0.040625
0 0.3640625 0.175 0.034375 0.03984375
0 0.403125 0.175 0.034375 0.0390625
0 0.48359375 0.1734375 0.0328125 0.034375
0 0.675 0.175 0.03359375 0.03671875
0 0.6484375 0.06640625 0.0390625 0.034375
0 0.7140625 0.278125 0.03359375 0.0390625
0 0.8359375 0.28125 0.03359375 0.040625
0 0.6390625 0.29453125 0.034375 0.03046875
0 0.4421875 0.28046875 0.0328125 0.0359375
0 0.36328125 0.27890625 0.03125 0.0328125
0 0.3265625 0.2796875 0.0328125 0.03359375
0 0.928125 0.515625 0.0359375 0.040625
0 0.984375 0.5734375 0.0203125 0.02734375
0 0.9578125 0.5734375 0.0203125 0.028125
0 0.89375 0.578125 0.0234375 0.028125
0 0.840625 0.5765625 0.0265625 0.03046875
0 0.76796875 0.5734375 0.0328125 0.0390625
0 0.7203125 0.575 0.03359375 0.03828125
0 0.6484375 0.5734375 0.0328125 0.0375
0 0.5375 0.57265625 0.0296875 0.0359375
0 0.4828125 0.57421875 0.0296875 0.034375
0 0.44609375 0.57109375 0.034375 0.0375
0 0.4015625 0.57109375 0.0296875 0.03828125
0 0.36328125 0.5734375 0.03046875 0.03828125
0 0.32734375 0.571875 0.0375 0.04609375
0 0.3703125 0.70625 0.03125 0.03515625
0 0.4078125 0.70703125 0.03203125 0.0359375
0 0.4671875 0.7015625 0.0546875 0.05
0 0.52890625 0.6984375 0.0359375 0.0453125
0 0.7140625 0.70390625 0.03125 0.034375
0 0.75703125 0.778125 0.0359375 0.0515625
0 0.896875 0.7078125 0.0265625 0.0296875
0 0.98359375 0.7125 0.021875 0.03046875
0 0.2078125 0.5734375 0.03203125 0.0359375
0 0.1734375 0.5703125 0.0296875 0.0375
0 0.1703125 0.70625 0.034375 0.0390625
0 0.20703125 0.7078125 0.0296875 0.0359375
0 0.2421875 0.70625 0.0328125 0.03671875
0 0.28046875 0.7046875 0.0328125 0.0359375
1 0.63515625 0.9859375 0.03984375 0.025