0 0.1734375 0.68515625 0.03671875 0.046875
0 0.2140625 0.67109375 0.0328125 0.0421875
0 0.2515625 0.64921875 0.02734375 0.0359375
0 0.13828125 0.56796875 0.034375 0.0359375
0 0.82109375 0.0171875 0.028125 0.025
0 0.78828125 0.0984375 0.0421875 0.040625
0 0.959375 0.1609375 0.02578125 0.0265625
0 0.78359375 0.20234375 0.021875 0.03203125
0 0.74921875 0.1890625 0.025 0.0328125
0 0.30546875 0.33125 0.0296875 0.021875
0 0.5859375 0.915625 0.05 0.04140625
0 0.475 0.8375 0.0484375 0.040625
0 0.11015625 0.64375 0.034375 0.02421875
0 0.25546875 0.421875 0.0484375 0.0421875
0 0.19140625 0.43359375 0.0265625 0.02890625
0 0.21953125 0.50859375 0.0484375 0.0390625
0 0.1796875 0.54375 0.0375 0.0421875
0 0.70546875 0.284375 0.021875 0.0203125
0 0.83203125 0.45703125 0.028125 0.025
0 0.83359375 0.4984375 0.0265625 0.02109375
0 0.73984375 0.471875 0.028125 0.0265625
0 0.6890625 0.6609375 0.028125 0.0265625
0 0.6328125 0.465625 0.04609375 0.0390625
0 0.56953125 0.5859375 0.025 0.02265625