0 0.55625 0.1875 0.0359375 0.03984375
0 0.6515625 0.115625 0.03125 0.0375
0 0.6921875 0.0765625 0.05 0.05234375
0 0.74375 0.04453125 0.034375 0.03828125
0 0.721875 0.27109375 0.0515625 0.053125
0 0.63203125 0.39375 0.05625 0.05
0 0.615625 0.46015625 0.0546875 0.05625
0 0.61875 0.534375 0.06953125 0.059375
0 0.3703125 0.49140625 0.06796875 0.0515625
0 0.2984375 0.3796875 0.0390625 0.0375
0 0.22421875 0.334375 0.04765625 0.059375
0 0.11171875 0.6234375 0.0328125 0.0453125
0 0.22734375 0.58046875 0.05390625 0.0546875
0 0.3875 0.56484375 0.0609375 0.0609375
0 0.3984375 0.640625 0.071875 0.065625
0 0.40078125 0.709375 0.0625 0.05546875
0 0.415625 0.7671875 0.0546875 0.04609375
0 0.42578125 0.89296875 0.06171875 0.0578125
0 0.25625 0.80625 0.0578125 0.0578125
0 0.6390625 0.68828125 0.0671875 0.0734375
0 0.62421875 0.61328125 0.065625 0.0578125
0 0.79375 0.63125 0.0625 0.0515625
0 0.6609375 0.78046875 0.0390625 0.0359375
0 0.6734375 0.87421875 0.0453125 0.0375
0 0.8234375 0.87734375 0.0640625 0.059375