0 0.48046875 0.0890625 0.046875 0.05625
0 0.559375 0.18359375 0.0484375 0.053125
0 0.4546875 0.24375 0.046875 0.05
0 0.3609375 0.22421875 0.05 0.04296875
0 0.34921875 0.303125 0.0484375 0.06015625
0 0.2875 0.340625 0.046875 0.05703125
0 0.23984375 0.37265625 0.0390625 0.0484375
0 0.1890625 0.4046875 0.04609375 0.0546875
0 0.74375 0.44921875 0.03125 0.0328125
0 0.46171875 0.4140625 0.0546875 0.05234375
0 0.4921875 0.46796875 0.053125 0.05390625
0 0.521875 0.51875 0.06015625 0.04921875
0 0.55625 0.5734375 0.04921875 0.04921875
0 0.58515625 0.625 0.0578125 0.0515625
0 0.61328125 0.67578125 0.059375 0.0515625
0 0.6421875 0.72578125 0.0515625 0.046875
0 0.678125 0.78671875 0.04921875 0.05078125
0 0.9453125 0.796875 0.0375 0.04921875
0 0.7296875 0.91328125 0.0640625 0.0515625