0 0.6234375 0.296875 0.04609375 0.0578125
0 0.68125 0.31796875 0.0359375 0.0421875
0 0.95390625 0.4375 0.034375 0.0390625
0 0.90390625 0.525 0.034375 0.0375
0 0.24609375 0.42890625 0.0390625 0.03515625
0 0.21171875 0.478125 0.0390625 0.0359375
0 0.1921875 0.5390625 0.07421875 0.06328125
0 0.1671875 0.5921875 0.04140625 0.034375
0 0.075 0.55 0.03828125 0.03515625
0 0.05 0.60625 0.05078125 0.0359375
0 0.025 0.659375 0.0390625 0.0390625
0 0.1390625 0.64609375 0.0359375 0.0328125
0 0.1140625 0.7015625 0.0453125 0.0359375
0 0.065625 0.8328125 0.075 0.06171875
0 0.35546875 0.434375 0.034375 0.04765625
0 0.36796875 0.509375 0.0625 0.06328125
0 0.33125 0.57890625 0.0703125 0.065625
0 0.30859375 0.646875 0.040625 0.0359375
0 0.28046875 0.7 0.0765625 0.071875
0 0.43984375 0.71484375 0.0765625 0.0671875
0 0.628125 0.465625 0.04921875 0.059375
0 0.703125 0.49453125 0.0578125 0.0671875
0 0.7609375 0.51875 0.05625 0.059375
0 0.7984375 0.575 0.075 0.0890625
0 0.56953125 0.596875 0.05625 0.05625
0 0.6359375 0.6234375 0.04609375 0.05546875
0 0.6796875 0.71953125 0.04140625 0.0390625
0 0.7828125 0.9015625 0.04375 0.03828125
1 0.0125 0.7109375 0.025 0.04453125
0 0.06484375 0.83203125 0.0703125 0.0625
1 0.0125 0.71171875 0.025 0.04375
0 0.02421875 0.66015625 0.03984375 0.034375
0 0.05 0.6046875 0.04765625 0.0359375
0 0.07578125 0.55 0.034375 0.034375
0 0.1921875 0.5390625 0.07109375 0.06171875
0 0.1671875 0.5921875 0.0390625 0.034375
0 0.1390625 0.646875 0.034375 0.0296875
0 0.1140625 0.70234375 0.04296875 0.034375
0 0.2125 0.478125 0.0390625 0.034375
0 0.24609375 0.42890625 0.0390625 0.034375
0 0.3546875 0.43515625 0.0359375 0.046875
0 0.36796875 0.5125 0.0640625 0.05625
0 0.3328125 0.5828125 0.06875 0.0609375
0 0.309375 0.6484375 0.03984375 0.03515625
0 0.28046875 0.7015625 0.07421875 0.06875
0 0.4390625 0.715625 0.075 0.0640625
0 0.57109375 0.59609375 0.05625 0.0546875
0 0.63671875 0.62421875 0.046875 0.053125
0 0.68046875 0.7203125 0.040625 0.03828125
0 0.8 0.5765625 0.0765625 0.084375
0 0.759375 0.5203125 0.0578125 0.05625
0 0.70390625 0.4953125 0.05703125 0.065625
0 0.62890625 0.46640625 0.0484375 0.0578125
0 0.621875 0.296875 0.046875 0.05390625
0 0.68125 0.3171875 0.034375 0.040625
0 0.95390625 0.4390625 0.0359375 0.0375
0 0.90390625 0.5265625 0.034375 0.03828125
0 0.78203125 0.9015625 0.04375 0.0375